-0.00,-0.00,-0.00
0.01,-0.07,-0.01
0.02,-0.13,-0.02
-0.04,-0.16,-0.03
-0.09,-0.14,-0.02
-0.11,-0.10,-0.03
-0.20,-0.09,-0.42
-0.28,-0.08,-0.81
-0.29,-0.09,-1.21
-0.27,-0.11,-1.63
-0.25,-0.17,-2.05
-0.26,-0.24,-2.48
-0.29,-0.30,-2.91
-0.31,-0.30,-3.35
-0.34,-0.29,-3.89
-0.41,-0.24,-4.48
-0.48,-0.18,-5.08
-0.50,-0.18,-5.68
-0.45,-0.22,-6.33
-0.43,-0.25,-6.97
-0.44,-0.29,-7.60
-0.39,-0.35,-8.31
-0.35,-0.40,-8.98
-0.29,-0.34,-9.72
-0.33,-0.37,-10.45
-0.30,-0.35,-11.21
-0.30,-0.40,-12.04
-0.25,-0.44,-12.84
-0.17,-0.41,-13.72
-0.13,-0.42,-14.60
-0.10,-0.40,-15.47
-0.10,-0.38,-16.44
-0.16,-0.43,-17.36
-0.12,-0.43,-18.35
-0.11,-0.46,-19.40
-0.11,-0.43,-20.40
-0.10,-0.41,-21.52
-0.13,-0.48,-22.59
-0.07,-0.54,-23.74
0.02,-0.50,-24.95
0.05,-0.46,-26.06
0.09,-0.43,-27.28
0.10,-0.50,-28.44
0.07,-0.47,-29.66
0.03,-0.44,-30.95
0.04,-0.45,-32.17
0.00,-0.49,-33.48
-0.06,-0.43,-34.81
-0.13,-0.38,-36.21
-0.16,-0.36,-37.70
-0.12,-0.38,-39.11
-0.11,-0.45,-40.61
-0.07,-0.45,-42.12
-0.08,-0.48,-43.65
-0.08,-0.48,-45.26
-0.08,-0.45,-46.77
-0.06,-0.39,-48.36
-0.12,-0.35,-49.97
-0.12,-0.27,-51.61
-0.12,-0.24,-53.32
-0.12,-0.19,-54.93
-0.12,-0.25,-56.62
-0.08,-0.27,-58.39
-0.17,-0.27,-60.04
-0.27,-0.30,-61.77
-0.37,-0.35,-63.52
-0.36,-0.42,-65.28
-0.26,-0.49,-67.12
-0.19,-0.51,-68.84
-0.11,-0.50,-70.62
-0.14,-0.52,-72.41
-0.14,-0.51,-74.21
-0.16,-0.54,-76.07
-0.25,-0.48,-77.79
-0.29,-0.43,-79.59
-0.26,-0.46,-81.37
-0.27,-0.47,-83.14
-0.27,-0.44,-84.97
-0.30,-0.39,-86.67
-0.28,-0.30,-88.42
-0.26,-0.24,-90.16
-0.27,-0.21,-91.89
-0.30,-0.28,-93.68
-0.27,-0.31,-95.31
-0.28,-0.39,-96.99
-0.26,-0.40,-98.71
-0.20,-0.35,-100.28
-0.15,-0.31,-101.96
-0.15,-0.21,-103.62
-0.14,-0.16,-105.24
-0.10,-0.20,-106.88
-0.13,-0.18,-108.37
-0.15,-0.16,-109.95
-0.17,-0.11,-111.44
-0.15,-0.15,-112.85
-0.08,-0.17,-114.34
0.01,-0.15,-115.73
0.04,-0.20,-117.14
0.06,-0.21,-118.46
0.06,-0.17,-119.71
0.09,-0.15,-121.03
0.12,-0.11,-122.27
0.13,-0.10,-123.38
0.23,-0.11,-124.55
0.27,-0.12,-125.62
0.19,-0.12,-129.42
-0.30,0.06,-130.67
-0.18,-0.20,-131.59
-0.15,-0.26,-132.73
-0.07,-0.29,-133.76
-0.05,-0.35,-134.83
-0.06,-0.30,-135.84
-0.09,-0.23,-136.78
-0.10,-0.26,-137.78
-0.09,-0.23,-138.71
-0.09,-0.26,-139.62
-0.12,-0.34,-140.49
-0.14,-0.42,-141.35
-0.20,-0.41,-142.18
-0.23,-0.40,-142.99
-0.23,-0.31,-143.78
-0.26,-0.31,-144.53
-0.35,-0.28,-143.94
-0.48,-0.30,-144.22
-0.31,-0.46,-144.84
-0.22,-0.63,-145.60
-0.21,-0.64,-146.26
-0.17,-0.59,-146.95
-0.14,-0.57,-147.57
-0.17,-0.54,-147.97
-0.22,-0.60,-148.60
-0.26,-0.64,-149.18
-0.25,-0.64,-149.70
-0.19,-0.61,-150.19
-0.20,-0.54,-150.64
-0.24,-0.54,-151.11
-0.19,-0.60,-151.56
-0.24,-0.59,-151.99
-0.26,-0.54,-152.41
-0.27,-0.50,-152.80
-0.28,-0.41,-153.22
-0.26,-0.33,-153.61
-0.27,-0.30,-153.99
-0.21,-0.24,-155.10
0.15,-0.92,-155.63
1.65,-2.27,-156.19
2.42,-3.31,-155.65
3.34,-3.56,-156.00
3.36,-3.45,-156.15
2.99,-3.03,-156.48
2.59,-2.59,-156.37
2.15,-2.23,-156.25
1.82,-1.93,-156.14
1.39,-1.40,-156.46
1.13,-3.98,-156.96
0.42,-4.28,-156.80
0.11,-4.33,-156.85
-0.18,-4.23,-157.30
0.59,-4.71,-157.76
0.90,-4.81,-157.82
0.82,-4.47,-157.85
0.68,-4.05,-157.86
0.64,-3.54,-157.96
0.53,-3.15,-158.04
0.35,-2.73,-158.12
0.25,-2.40,-158.21
0.14,-2.14,-158.28
0.09,-1.87,-158.36
0.10,-1.67,-158.57
0.05,-1.51,-158.78
-0.00,-1.31,-158.99
0.02,-1.17,-159.19
-0.05,-1.11,-159.38
-0.05,-0.99,-159.57
-0.08,-0.85,-159.81
-0.17,-0.77,-160.05
-0.31,-0.69,-160.27
-0.48,-0.64,-160.48
-0.61,-0.58,-160.71
-0.68,-0.46,-160.91
-0.60,-0.37,-160.06
-1.11,0.19,-159.68
-1.55,0.52,-159.37
-1.41,0.48,-161.21
0.01,0.23,-161.85
0.33,0.41,-162.30
-0.32,-0.59,-162.44
-0.59,-1.48,-163.11
-0.70,-1.79,-163.43
-1.09,-1.49,-163.56
-1.36,-0.92,-163.74
-1.20,-0.47,-163.99
-1.20,0.21,-164.06
-0.49,-0.37,-164.01
0.14,-0.73,-164.43
0.32,-0.88,-164.79
0.29,-1.01,-164.93
0.28,-1.06,-165.12
0.12,-0.95,-165.20
-0.01,-0.85,-165.28
-0.04,-0.74,-165.35
-0.13,-0.63,-165.57
-0.35,-0.71,-165.65
-0.58,-0.63,-165.71
-0.68,-0.49,-165.86
-0.78,-0.42,-166.06
-1.02,-0.39,-166.58
-1.20,0.05,-167.42
-1.27,-0.20,-167.99
-1.16,-0.22,-168.63
-0.91,-0.31,-169.41
-0.57,-0.54,-170.20
-0.30,-0.30,-170.75
-0.32,-0.70,-171.36
0.01,-0.84,-171.81
2.59,5.14,-167.17
7.50,6.96,-164.18
6.86,5.92,-165.79
4.67,2.48,-168.76
3.43,1.28,-169.04
2.16,4.13,-169.75
1.28,1.12,-171.06
-0.17,-1.68,-172.53
-0.77,-3.42,-173.93
-2.08,-3.70,-175.47
-2.84,-5.53,-177.11
-3.89,-6.80,-178.31
-5.01,-6.90,-179.70
-5.74,-7.30,178.54
-6.45,-8.00,177.12
-7.23,-8.61,175.46
-7.78,-8.84,173.78
-8.37,-9.49,172.17
-8.83,-9.86,170.58
-9.25,-10.06,169.01
-9.64,-10.40,167.24
-10.12,-10.70,165.57
-10.54,-10.87,163.75
-10.86,-11.05,161.83
-11.14,-11.24,160.08
-11.42,-11.42,158.15
-11.64,-11.53,156.26
-11.82,-11.69,154.47
-11.93,-11.83,152.55
-12.01,-11.92,150.64
-12.16,-11.97,148.76
-12.29,-12.06,146.88
-12.51,-12.11,144.94
-12.68,-12.16,143.16
-12.82,-12.28,141.30
-12.92,-12.41,139.35
-13.03,-12.49,137.58
-13.12,-12.50,135.72
-13.27,-12.52,133.92
-13.40,-12.55,132.16
-13.51,-12.66,130.33
-13.59,-12.75,128.58
-13.60,-12.85,126.81
-13.64,-12.93,125.08
-13.72,-12.99,123.33
-13.68,-13.04,121.71
-13.69,-13.06,120.07
-13.71,-13.09,118.40
-13.77,-13.11,116.87
-13.83,-13.11,115.25
-13.92,-13.21,113.71
-13.98,-13.32,112.20
-14.06,-13.38,110.72
-14.13,-13.43,109.28
-14.21,-13.44,107.87
-14.25,-13.49,106.50
-14.28,-13.47,105.15
-14.35,-13.48,103.83
-14.40,-13.49,102.55
-14.38,-13.47,101.28
-14.42,-13.49,100.06
-14.51,-13.50,98.82
-14.53,-13.54,97.72
-14.54,-13.64,96.57
-14.55,-13.63,95.48
-14.57,-13.65,94.47
-14.58,-13.67,93.41
-14.61,-13.66,92.43
-14.63,-13.64,91.46
-14.64,-13.61,90.51
-14.63,-13.56,89.63
-14.67,-13.59,88.71
-14.72,-13.60,87.85
-14.74,-13.61,87.02
-14.79,-13.67,86.23
-14.76,-13.70,85.43
-14.76,-13.68,84.68
-14.76,-13.68,83.94
-14.75,-13.65,83.19
-14.86,-13.63,82.53
-14.91,-13.66,81.86
-14.99,-13.70,81.22
-15.05,-13.72,80.59
-15.13,-13.70,79.94
-15.18,-13.74,79.37
-15.15,-13.73,78.76
-15.13,-13.77,78.20
-15.10,-13.76,77.66
-15.11,-13.69,77.11
-15.18,-13.68,76.61
-15.20,-13.72,76.13
-15.32,-13.76,75.67
-15.36,-13.78,75.22
-15.35,-13.80,74.73
-15.33,-13.85,74.28
-15.30,-13.84,73.84
-15.34,-13.89,73.42
-15.40,-13.91,73.02
-15.42,-13.96,72.62
-15.39,-13.97,72.21
-15.40,-13.97,71.83
-15.41,-13.94,71.48
-15.45,-13.94,71.12
-15.48,-14.00,70.78
-15.47,-13.99,70.44
-15.42,-13.96,70.10
-15.39,-13.96,69.79
-15.37,-13.99,69.47
-15.39,-14.06,69.16
-15.39,-14.09,68.90
-15.41,-14.09,68.62
-15.38,-14.09,68.35
-15.33,-14.08,68.08
-15.32,-14.06,67.83
-15.34,-14.15,67.61
-15.36,-14.15,67.35
-15.39,-14.12,67.12
-15.42,-14.08,66.90
-15.48,-14.11,66.68
-15.54,-14.14,66.47
-15.56,-14.12,66.26
-15.57,-14.08,66.05
-15.56,-14.09,65.83
-15.53,-14.10,65.62
-15.52,-14.10,65.43
-15.51,-14.09,65.24
-15.52,-14.11,65.05
-15.48,-14.09,64.87
-15.48,-14.10,64.72
-15.52,-14.10,64.56
-15.54,-14.14,64.41
-15.56,-14.12,64.27
-15.60,-14.12,64.13
-15.60,-14.14,63.98
-15.63,-14.13,63.83
-15.68,-14.13,63.69
-15.66,-14.17,63.56
-15.71,-14.22,63.43
-15.77,-14.17,63.32
-15.78,-14.16,63.22
-15.81,-14.15,63.11
-15.87,-14.16,63.02
-15.92,-14.18,62.92
-16.00,-14.14,62.83
-16.01,-14.16,62.73
-16.10,-14.16,62.66
-16.14,-14.21,62.59
-16.12,-14.24,62.50
-16.08,-14.23,62.41
-16.07,-14.28,62.34
-16.03,-14.22,62.26
-15.99,-14.20,62.18
-15.94,-14.22,62.09
-15.89,-14.21,62.02
-15.92,-14.25,61.96
-15.91,-14.25,61.90
-15.93,-14.28,61.85
-15.93,-14.33,61.77
-15.89,-14.33,61.69
-15.84,-14.30,61.61
-15.86,-14.29,61.56
-15.84,-14.25,61.49
-15.81,-14.21,61.42
-15.87,-14.25,61.37
-15.88,-14.26,61.32
-15.86,-14.33,61.27
-15.84,-14.30,61.24
-15.83,-14.30,61.22
-15.80,-14.29,61.17
-15.77,-14.25,61.12
-15.81,-14.27,61.08
-15.89,-14.26,61.03
-15.95,-14.23,60.99
-15.99,-14.17,60.97
-16.06,-14.19,60.97
-16.08,-14.20,60.94
-16.14,-14.23,60.92
-16.19,-14.26,60.87
-16.21,-14.31,60.86
-16.24,-14.29,60.86
-16.22,-14.26,60.83
-16.21,-14.30,60.80
-16.23,-14.31,60.76
-16.27,-14.32,60.72
-16.31,-14.31,60.70
-16.35,-14.33,60.70
-16.39,-14.33,60.68
-16.40,-14.36,60.67
-16.33,-14.38,60.63
-16.36,-14.45,60.62
-16.34,-14.52,60.60
-16.36,-14.55,60.59
-16.33,-14.51,60.54
-16.32,-14.49,60.51
-16.33,-14.48,60.48
-16.33,-14.46,60.47
-16.37,-14.47,60.46
-16.33,-14.52,60.42
-16.36,-14.50,60.41
-16.31,-14.51,60.38
-16.28,-14.53,60.36
-16.26,-14.54,60.34
-16.30,-14.58,60.32
-16.30,-14.62,60.30
-16.31,-14.63,60.29
-16.34,-14.61,60.25
-16.34,-14.60,60.20
-16.34,-14.58,60.16
-16.31,-14.58,60.11
-16.32,-14.54,60.07
-16.34,-14.52,60.04
-16.37,-14.53,60.03
-16.38,-14.53,60.02
-16.43,-14.54,60.03
-16.52,-14.56,60.04
-16.57,-14.57,60.04
-16.59,-14.55,60.03
-16.62,-14.51,60.04
-16.63,-14.49,60.04
-16.66,-14.54,60.04
-16.70,-14.59,60.04
-16.74,-14.64,60.05
-16.71,-14.64,60.05
-16.72,-14.65,60.06
-16.73,-14.63,60.07
-16.71,-14.63,60.07
-16.65,-14.65,60.06
-16.64,-14.66,60.06
-16.60,-14.65,60.05
-16.66,-14.64,60.07
-16.70,-14.61,60.08
-16.74,-14.62,60.08
-16.73,-14.63,60.07
-16.70,-14.67,60.05
-16.73,-14.67,60.06
-16.73,-14.67,60.04
-16.70,-14.71,60.02
-16.64,-14.70,59.99
-16.59,-14.69,59.96
-16.57,-14.73,59.95
-16.55,-14.81,59.94
-16.58,-14.85,59.94
-16.61,-14.84,59.94
-16.58,-14.80,59.93
-16.58,-14.78,59.92
-16.61,-14.78,59.93
-16.64,-14.73,59.93
-16.66,-14.67,59.93
-16.62,-14.64,59.92
-16.56,-14.64,59.90
-16.50,-14.66,59.88
-16.50,-14.66,59.87
-16.49,-14.68,59.87
-16.53,-14.66,59.87
-16.56,-14.66,59.87
-16.62,-14.61,59.88
-16.70,-14.61,59.89
-16.74,-14.63,59.89
-16.74,-14.66,59.89
-16.75,-14.70,59.87
-16.78,-14.70,59.86
-16.78,-14.68,59.84
-16.79,-14.69,59.82
-16.79,-14.69,59.81
-16.86,-14.70,59.81
-16.89,-14.73,59.81
-16.91,-14.79,59.81
-16.84,-14.75,59.80
-16.80,-14.65,59.78
-16.74,-14.61,59.76
-16.77,-14.62,59.78
-16.79,-14.62,59.77
-16.79,-14.64,59.77
-16.78,-14.64,59.75
-16.77,-14.67,59.74
-16.77,-14.65,59.73
-16.76,-14.64,59.72
-16.76,-14.63,59.72
-16.77,-14.60,59.73
-16.75,-14.54,59.72
-16.71,-14.46,59.72
-16.69,-14.42,59.72
-16.67,-14.49,59.72
-16.67,-14.53,59.73
-16.71,-14.51,59.74
-16.75,-14.49,59.75
-16.73,-14.47,59.74
-16.73,-14.49,59.74
-16.73,-14.53,59.74
-16.79,-14.59,59.75
-16.83,-14.66,59.75
-16.88,-14.70,59.76
-16.84,-14.71,59.75
-16.82,-14.71,59.74
-16.79,-14.74,59.73
-16.78,-14.76,59.73
-16.79,-14.76,59.75
-16.73,-14.78,59.75
-16.70,-14.76,59.75
-16.73,-14.73,59.76
-16.79,-14.75,59.79
-16.87,-14.77,59.78
-16.95,-14.78,59.78
-17.00,-14.81,59.78
-16.99,-14.80,59.75
-16.99,-14.81,59.73
-17.00,-14.78,59.72
-16.94,-14.73,59.70
-16.90,-14.74,59.68
-16.91,-14.73,59.68
-16.89,-14.70,59.67
-16.87,-14.67,59.65
-16.85,-14.68,59.64
-16.82,-14.69,59.64
-16.85,-14.72,59.66
-16.90,-14.75,59.67
-16.91,-14.77,59.68
-16.89,-14.80,59.68
-16.90,-14.81,59.69
-16.91,-14.80,59.69
-16.88,-14.77,59.68
-16.87,-14.74,59.68
-16.85,-14.71,59.67
-16.85,-14.66,59.67
-16.89,-14.67,59.67
-16.92,-14.65,59.69
-16.84,-14.71,59.68
-16.80,-14.71,59.68
-16.82,-14.74,59.70
-16.87,-14.79,59.72
-16.88,-14.84,59.73
-16.85,-14.89,59.73
-16.87,-14.95,59.74
-16.84,-14.95,59.74
-16.85,-14.90,59.75
-16.88,-14.89,59.76
-16.87,-14.88,59.76
-16.85,-14.87,59.76
-16.85,-14.84,59.76
-16.85,-14.83,59.75
-16.87,-14.84,59.76
-16.87,-14.86,59.76
-16.91,-14.85,59.77
-16.96,-14.85,59.77
-16.93,-14.83,59.74
-16.96,-14.83,59.74
-16.96,-14.86,59.73
-16.93,-14.84,59.71
-16.88,-14.80,59.68
-16.83,-14.75,59.66
-16.85,-14.73,59.67
-16.84,-14.71,59.67
-16.85,-14.69,59.67
-16.79,-14.71,59.66
-16.85,-14.72,59.67
-16.90,-14.70,59.68
-16.88,-14.67,59.67
-16.87,-14.68,59.65
-16.85,-14.66,59.64
-16.85,-14.68,59.62
-16.84,-14.67,59.62
-16.82,-14.65,59.63
-16.83,-14.67,59.64
-16.90,-14.68,59.66
-16.92,-14.66,59.68
-16.98,-14.65,59.70
-17.01,-14.65,59.72
-17.03,-14.63,59.72
-17.07,-14.62,59.73
-17.07,-14.56,59.73
-17.06,-14.58,59.73
-17.07,-14.59,59.73
-17.06,-14.59,59.73
-17.08,-14.59,59.77
-17.04,-14.60,59.79
-17.01,-14.61,59.79
-17.01,-14.67,59.82
-17.03,-14.68,59.85
-17.04,-14.70,59.87
-17.01,-14.72,59.89
-17.04,-14.77,59.91
-17.08,-14.80,59.94
-17.13,-14.81,59.96
-17.12,-14.81,59.96
-17.11,-14.86,59.98
-17.10,-14.88,59.97
-17.09,-14.89,59.95
-17.08,-14.90,59.95
-17.04,-14.92,59.93
-17.01,-14.90,59.91
-17.00,-14.88,59.90
-17.03,-14.83,59.90
-17.05,-14.77,59.89
-17.08,-14.75,59.89
-17.12,-14.75,59.89
-17.17,-14.74,59.89
-17.16,-14.74,59.88
-17.15,-14.75,59.87
-17.17,-14.74,59.87
-17.19,-14.72,59.88
-17.21,-14.75,59.88
-17.30,-14.76,59.90
-17.30,-14.78,59.90
-17.28,-14.77,59.89
-17.29,-14.82,59.89
-17.30,-14.84,59.88
-17.27,-14.86,59.87
-17.26,-14.88,59.87
-17.25,-14.87,59.86
-17.28,-14.84,59.87
-17.25,-14.80,59.88
-17.28,-14.79,59.89
-17.30,-14.76,59.90
-17.27,-14.75,59.90
-17.17,-14.72,59.88
-17.17,-14.72,59.87
-17.17,-14.74,59.87
-17.17,-14.74,59.87
-17.21,-14.74,59.87
-17.25,-14.72,59.87
-17.28,-14.75,59.88
-17.27,-14.77,59.87
-17.25,-14.82,59.85
-17.25,-14.80,59.84
-17.23,-14.81,59.83
-17.25,-14.82,59.82
-17.27,-14.83,59.82
-17.26,-14.84,59.81
-17.23,-14.83,59.80
-17.21,-14.79,59.79
-17.12,-14.78,59.76
-17.11,-14.83,59.75
-17.13,-14.91,59.75
-17.08,-14.97,59.73
-17.05,-14.97,59.72
-17.10,-15.01,59.73
-17.11,-15.01,59.73
-17.11,-14.98,59.72
-17.15,-14.95,59.72
-17.17,-14.92,59.72
-17.17,-14.93,59.70
-17.15,-14.87,59.68
-17.12,-14.83,59.66
-17.13,-14.81,59.65
-17.12,-14.81,59.64
-17.13,-14.79,59.63
-17.13,-14.77,59.63
-17.14,-14.79,59.63
-17.13,-14.82,59.62
-17.12,-14.86,59.61
-17.13,-14.88,59.61
-17.12,-14.91,59.61
-17.13,-14.90,59.61
-17.14,-14.90,59.62
-17.15,-14.87,59.61
-17.16,-14.80,59.62
-17.17,-14.77,59.62
-17.16,-14.77,59.62
-17.24,-14.75,59.66
-17.30,-14.75,59.68
-17.29,-14.70,59.69
-17.30,-14.69,59.70
-17.32,-14.73,59.72
-17.32,-14.81,59.73
-17.29,-14.83,59.73
-17.24,-14.87,59.73
-17.22,-14.89,59.74
-17.24,-14.91,59.75
-17.27,-14.95,59.77
-17.29,-14.89,59.78
-17.31,-14.86,59.79
-17.32,-14.84,59.80
-17.33,-14.84,59.81
-17.31,-14.85,59.82
-17.25,-14.85,59.81
-17.19,-14.82,59.80
-17.19,-14.84,59.81
-17.19,-14.89,59.81
-17.17,-14.88,59.81
-17.15,-14.87,59.81
-17.11,-14.86,59.81
-17.10,-14.90,59.80
-17.09,-14.85,59.81
-17.06,-14.83,59.80
-17.06,-14.84,59.81
-17.14,-14.86,59.80
-17.15,-14.84,59.80
-17.13,-14.86,59.80
-17.13,-14.87,59.80
-17.16,-14.87,59.79
-17.14,-14.87,59.78
-17.19,-14.89,59.79
-17.18,-14.92,59.78
-17.20,-14.94,59.77
-17.18,-15.06,59.74
-17.19,-15.10,59.72
-17.20,-15.09,59.71
-17.21,-15.11,59.70
-17.24,-15.09,59.71
-17.25,-15.09,59.68
-17.24,-15.04,59.65
-17.23,-15.00,59.64
-17.22,-14.98,59.63
-17.22,-14.95,59.60
-17.18,-14.97,59.57
-17.20,-14.99,59.58
-17.22,-15.02,59.59
-17.26,-15.02,59.60
-17.28,-15.00,59.61
-16.94,-15.47,59.55
-18.21,-16.01,59.21
-18.25,-16.29,58.72
-18.45,-16.15,58.83
-18.48,-15.79,58.90
-17.61,-15.45,59.47
-17.22,-15.05,59.86
-16.62,-14.47,59.98
-17.17,-13.68,58.94
-17.07,-13.42,58.07
-16.48,-13.00,57.12
-16.02,-12.63,56.30
-15.26,-11.80,55.40
-14.94,-12.26,55.70
-15.01,-12.62,55.60
-15.51,-12.75,55.88
-16.17,-13.15,56.63
-16.35,-13.35,56.95
-16.48,-13.49,57.35
-16.24,-13.46,57.49
-15.52,-13.12,57.11
-14.66,-12.50,56.86
-13.31,-11.89,56.89
-11.97,-12.16,57.00
-11.45,-12.78,58.33
-12.34,-13.28,60.77
-13.21,-13.67,62.60
-13.52,-13.45,63.02
-14.13,-13.18,63.25
-14.79,-13.24,62.65
-14.80,-13.49,62.05
-14.65,-13.41,61.45
-14.69,-13.29,61.32
-14.70,-13.58,60.69
-14.43,-13.98,59.82
-13.85,-14.45,58.44
-13.41,-14.80,58.26
-13.18,-15.82,59.85
-11.71,-16.50,60.66
-10.36,-16.80,61.07
-9.55,-16.97,61.22
-8.87,-16.94,61.39
-8.53,-15.67,61.92
-8.92,-15.22,62.72
-8.64,-15.58,63.08
-8.33,-16.40,63.38
-8.60,-16.57,63.79
-8.99,-16.61,64.34
-9.07,-16.78,64.68
-8.83,-17.11,64.74
-8.89,-17.33,65.12
-9.06,-17.71,65.37
-8.95,-18.14,65.31
-8.89,-18.32,65.43
-8.75,-18.22,65.34
-8.60,-18.21,65.08
-8.28,-18.11,64.70
-8.22,-17.98,64.64
-8.08,-17.74,64.51
-7.81,-17.51,64.29
-7.88,-17.74,64.39
-8.26,-17.81,64.77
-8.62,-17.67,64.97
-8.89,-17.64,65.10
-8.94,-17.92,65.02
-9.09,-18.07,65.18
-9.29,-17.96,65.47
-9.32,-17.87,65.66
-9.22,-17.89,65.73
-9.04,-17.96,65.63
-8.83,-17.99,65.39
-8.66,-18.03,65.19
-8.73,-18.04,65.33
-8.74,-18.03,65.46
-8.74,-17.98,65.60
-8.70,-18.05,65.66
-8.69,-18.19,65.69
-8.72,-18.23,65.55
-8.81,-18.24,65.54
-8.84,-18.14,65.55
-8.88,-18.04,65.64
-8.89,-18.27,65.73
-8.91,-18.46,65.81
-8.92,-18.40,65.80
-8.83,-18.26,65.60
-8.79,-18.24,65.55
-8.76,-18.28,65.55
-8.81,-18.25,65.64
-8.91,-18.00,65.70
-9.01,-18.12,65.73
-9.09,-18.52,65.79
-9.15,-18.88,65.86
-9.30,-18.81,66.03
-9.41,-18.72,66.22
-9.44,-18.88,66.36
-9.46,-18.77,66.48
-9.44,-18.47,66.53
-9.35,-18.36,66.47
-9.41,-18.45,66.60
-9.40,-18.61,66.63
-9.39,-19.01,66.73
-9.45,-19.45,66.95
-9.46,-19.76,67.31
-9.66,-20.65,68.45
-10.16,-21.98,70.69
-10.84,-23.15,73.18
-11.30,-24.45,75.27
-11.60,-26.23,77.02
-11.64,-28.03,78.27
-10.90,-28.66,78.34
-10.40,-29.08,79.21
-9.89,-29.24,80.20
-8.58,-29.27,80.16
-7.66,-29.42,80.54
-7.39,-29.67,81.47
-7.48,-29.64,82.71
-7.58,-29.50,83.83
-7.51,-29.33,84.51
-7.46,-29.37,85.14
-7.15,-29.43,85.36
-6.85,-29.21,85.25
-6.48,-29.01,84.81
-6.35,-29.32,84.39
-6.22,-29.36,84.11
-6.03,-29.03,84.12
-5.89,-28.79,84.28
-5.74,-28.72,84.37
-5.58,-28.43,84.39
-5.62,-28.47,84.34
-5.94,-28.57,84.61
-6.18,-28.66,84.85
-6.33,-28.66,85.10
-6.26,-28.49,85.27
-6.16,-28.39,85.38
-6.27,-28.34,85.56
-6.31,-28.34,85.65
-6.32,-28.35,85.79
-6.35,-28.45,85.97
-6.32,-28.57,86.14
-6.36,-28.62,86.37
-6.38,-28.66,86.53
-6.40,-28.68,86.71
-6.32,-28.78,86.80
-6.08,-28.80,86.74
-5.92,-28.74,86.76
-5.94,-28.83,86.90
-5.94,-28.89,87.00
-5.92,-28.92,87.04
-5.81,-28.80,87.00
-5.88,-28.87,87.14
-5.88,-28.96,87.29
-5.84,-29.01,87.41
-5.81,-29.01,87.49
-5.85,-29.08,87.63
-5.84,-29.07,87.72
-5.82,-29.07,87.81
-5.90,-29.17,88.02
-6.13,-29.34,88.35
-6.40,-29.39,88.58
-6.51,-29.35,88.35
-6.50,-29.21,87.74
-6.51,-29.08,86.54
-6.09,-28.82,84.57
-5.39,-28.30,82.35
-4.84,-27.58,79.99
-4.62,-26.81,77.98
-4.47,-25.27,75.52
-4.05,-22.96,72.04
-3.61,-21.17,68.87
-3.08,-19.23,65.85
-3.49,-17.54,64.39
-4.10,-15.87,63.53
-4.66,-15.50,64.74
-4.76,-14.72,64.59
-5.45,-13.61,63.79
-6.01,-12.51,62.97
-6.71,-11.45,62.85
-7.60,-10.28,62.42
-8.84,-8.91,61.37
-9.90,-7.73,59.96
-10.71,-6.62,58.68
-11.29,-6.16,58.16
-11.86,-5.98,57.63
-12.26,-5.82,56.96
-12.55,-5.69,56.32
-12.75,-5.51,55.91
-12.98,-5.12,55.22
-12.98,-4.79,54.89
-12.93,-4.59,54.58
-12.85,-4.51,54.36
-12.87,-4.51,54.07
-12.93,-4.48,53.64
-12.86,-4.50,53.22
-12.77,-4.62,53.06
-12.84,-4.78,52.91
-13.01,-4.94,52.71
-13.17,-5.02,52.35
-13.27,-5.07,51.99
-13.31,-5.08,51.68
-13.28,-5.10,51.42
-13.28,-5.12,51.11
-13.17,-5.13,50.84
-12.96,-5.16,50.51
-12.81,-5.17,50.04
-12.69,-5.21,49.69
-12.66,-5.31,49.39
-12.73,-5.44,49.16
-12.79,-5.61,48.91
-12.70,-5.77,48.56
-12.64,-5.86,48.14
-12.53,-5.96,47.75
-12.32,-6.06,47.59
-12.30,-6.14,47.51
-12.35,-6.23,47.45
-12.38,-6.32,47.36
-12.34,-6.40,47.23
-12.25,-6.47,47.03
-12.09,-6.55,46.77
-11.98,-6.59,46.56
-11.93,-6.59,46.39
-11.86,-6.55,46.20
-11.70,-6.54,46.08
-11.53,-6.56,46.01
-11.54,-6.58,45.77
-11.59,-6.63,45.61
-11.54,-6.74,45.67
-11.55,-6.86,45.74
-11.60,-6.91,45.64
-11.57,-6.95,45.55
-11.47,-6.94,45.45
-11.38,-6.92,45.39
-11.26,-6.91,45.39
-11.17,-6.88,45.33
-11.32,-6.84,45.24
-11.44,-6.81,45.15
-11.47,-6.76,45.08
-11.53,-6.76,45.00
-11.58,-6.79,44.98
-11.61,-6.84,44.97
-11.65,-6.91,44.90
-11.63,-7.01,44.90
-11.58,-7.13,44.89
-11.53,-7.25,44.89
-11.53,-7.34,44.85
-11.62,-7.41,44.78
-11.66,-7.48,44.75
-11.67,-7.52,44.71
-11.65,-7.55,44.67
-11.67,-7.56,44.61
-11.66,-7.59,44.56
-11.60,-7.60,44.52
-11.50,-7.65,44.51
-11.44,-7.74,44.55
-11.36,-7.83,44.54
-11.32,-7.89,44.48
-11.29,-7.92,44.47
-11.36,-7.91,44.41
-11.44,-7.90,44.37
-11.45,-7.93,44.37
-11.54,-7.96,44.37
-11.70,-7.90,44.81
-11.74,-7.97,44.83
-11.75,-8.06,44.85
-11.66,-8.13,44.91
-11.58,-8.21,44.92
-11.68,-8.28,44.95
-11.82,-8.38,45.02
-11.93,-8.48,45.09
-12.06,-8.56,45.16
-12.00,-8.58,45.21
-11.79,-8.50,45.28
-11.58,-8.23,45.35
-11.39,-7.82,45.36
-11.33,-7.31,45.26
-11.34,-6.83,45.22
-11.37,-6.60,45.20
-11.39,-6.45,45.16
-11.34,-6.41,45.23
-11.31,-6.41,45.34
-11.39,-6.50,45.47
-11.46,-6.68,45.62
-11.55,-6.88,45.65
-11.53,-7.03,45.68
-11.56,-7.12,45.72
-11.59,-7.07,45.74
-11.54,-6.88,45.74
-11.45,-6.65,45.71
-11.52,-6.40,45.70
-11.65,-6.31,45.82
-11.87,-6.34,46.07
-12.12,-6.49,46.28
-12.26,-6.60,46.49
-12.37,-6.69,46.61
-12.45,-6.74,46.70
-12.54,-6.73,46.76
-12.62,-6.72,46.85
-12.89,-6.68,46.89
-13.14,-6.68,46.97
-13.27,-6.73,47.03
-13.36,-6.76,47.10
-13.29,-6.80,47.22
-13.15,-6.80,47.38
-13.12,-6.82,47.59
-13.32,-7.05,47.84
-13.62,-7.45,48.12
-13.94,-7.91,48.55
-14.30,-8.30,48.82
-14.78,-8.70,49.00
-15.27,-9.05,49.15
-15.62,-9.32,49.39
-16.00,-9.63,49.66
-16.47,-10.02,50.06
-16.82,-10.47,50.58
-16.93,-10.76,50.92
-17.03,-10.92,51.11
-17.59,-11.99,52.41
-22.44,-16.75,57.45
-26.79,-22.00,58.26
-26.02,-22.06,57.82
-27.05,-21.97,55.53
-29.25,-23.70,56.11
-27.87,-23.78,56.95
-28.06,-22.92,57.11
-27.52,-21.89,57.06
-26.63,-21.43,57.52
-26.64,-21.46,57.71
-26.66,-21.39,57.74
-26.69,-21.46,57.47
-27.13,-22.06,57.52
-27.20,-22.31,57.55
-27.14,-22.14,57.49
-26.99,-21.99,57.58
-26.70,-21.79,57.71
-26.51,-21.53,57.73
-26.26,-21.28,57.72
-26.08,-21.25,57.77
-26.05,-21.23,57.73
-25.98,-21.18,57.66
-25.92,-21.19,57.66
-25.80,-21.13,57.70
-25.65,-21.02,57.71
-25.52,-20.92,57.74
-25.34,-20.79,57.79
-25.19,-20.65,57.81
-25.06,-20.54,57.83
-24.94,-20.48,57.88
-24.88,-20.44,57.89
-24.83,-20.38,57.88
-24.72,-20.32,57.88
-24.60,-20.26,57.90
-24.48,-20.16,57.92
-24.37,-20.07,57.94
-24.26,-20.00,57.96
-24.15,-19.93,57.98
-24.57,-19.86,58.01
-24.45,-19.80,58.02
-24.34,-19.75,58.02
-24.27,-19.69,58.03
-24.20,-19.63,58.05
-24.11,-19.58,58.08
-24.01,-19.54,58.10
-23.91,-19.46,58.12
-23.79,-19.37,58.14
-23.70,-19.32,58.16
-23.59,-19.26,58.18
-23.50,-19.21,58.19
-23.44,-19.17,58.22
-23.35,-19.11,58.24
-23.29,-19.04,58.26
-23.21,-18.98,58.28
-23.11,-18.90,58.29
-23.04,-18.84,58.31
-22.98,-18.79,58.33
-22.90,-18.75,58.34
-22.85,-18.71,58.36
-22.78,-18.65,58.37
-22.70,-18.60,58.37
-22.63,-18.53,58.38
-22.57,-18.47,58.40
-22.52,-18.42,58.42
-22.46,-18.38,58.45
-22.39,-18.32,58.47
-22.32,-18.28,58.49
-22.27,-18.23,58.52
-22.31,-18.27,58.55
-22.22,-18.21,58.55
-22.18,-18.18,58.58
-22.13,-18.18,58.62
-22.08,-18.12,58.61
-22.08,-18.07,58.62
-22.01,-18.02,58.65
-21.98,-17.99,58.65
-21.95,-17.96,58.67
-21.92,-17.96,58.66
-21.94,-17.96,58.67
-21.90,-17.96,58.69
-21.91,-17.98,58.72
-21.89,-17.97,58.76
-21.88,-17.92,58.78
-21.88,-17.91,58.78
-21.82,-17.87,58.80
-21.78,-17.83,58.80
-21.74,-17.81,58.80
-21.72,-17.79,58.83
-21.70,-17.76,58.84
-21.65,-17.73,58.83
-21.63,-17.70,58.84
-21.62,-17.69,58.85
-21.59,-17.70,58.86
-21.56,-17.70,58.85
-21.53,-17.68,58.87
-21.51,-17.63,58.90
-21.49,-17.60,58.92
-21.48,-17.60,58.95
-21.47,-17.56,58.97
-21.46,-17.53,58.99
-21.44,-17.54,58.99
-21.41,-17.54,58.99
-21.40,-17.53,59.00
-21.42,-17.52,59.02
-21.44,-17.50,59.03
-21.42,-17.46,59.04
-21.47,-17.41,59.07
-21.46,-17.39,59.08
-21.45,-17.36,59.09
-21.40,-17.33,59.08
-21.39,-17.32,59.09
-21.35,-17.27,59.08
-21.37,-17.22,59.10
-21.31,-17.23,59.12
-21.26,-17.24,59.14
-21.30,-17.29,59.16
-21.32,-17.32,59.19
-21.33,-17.31,59.21
-21.29,-17.32,59.24
-21.29,-17.32,59.25
-21.30,-17.30,59.25
-21.27,-17.30,59.26
-21.26,-17.28,59.27
-21.21,-17.25,59.26
-21.18,-17.25,59.27
-21.15,-17.26,59.28
-21.14,-17.25,59.28
-21.13,-17.26,59.31
-21.14,-17.24,59.33
-21.16,-17.23,59.34
-21.14,-17.24,59.33
-21.16,-17.24,59.35
-21.14,-17.24,59.35
-21.15,-17.23,59.36
-21.13,-17.25,59.36
-21.14,-17.26,59.36
-21.12,-17.26,59.36
-21.11,-17.28,59.37
-21.09,-17.29,59.38
-21.07,-17.28,59.39
-21.05,-17.29,59.38
-21.05,-17.27,59.40
-21.03,-17.22,59.40
-21.02,-17.20,59.39
-21.05,-17.22,59.39
-21.05,-17.21,59.39
-21.06,-17.18,59.40
-21.04,-17.15,59.40
-21.04,-17.12,59.41
-21.06,-17.12,59.41
-21.06,-17.11,59.41
-21.01,-17.09,59.40
-20.97,-17.09,59.41
-20.97,-17.10,59.40
-21.03,-17.13,59.42
-21.04,-17.15,59.43
-21.04,-17.15,59.43
-21.01,-17.17,59.43
-21.00,-17.19,59.42
-21.01,-17.18,59.42
-21.01,-17.13,59.44
-21.02,-17.11,59.46
-21.04,-17.09,59.48
-21.08,-17.10,59.50
-21.08,-17.11,59.51
-21.05,-17.10,59.51
-21.02,-17.10,59.50
-21.04,-17.10,59.51
-21.06,-17.10,59.52
-21.06,-17.07,59.53
-21.07,-17.04,59.54
-21.08,-17.01,59.54
-21.07,-16.97,59.54
-21.07,-16.95,59.56
-21.06,-16.96,59.56
-21.03,-16.96,59.56
-21.00,-16.96,59.56
-20.98,-16.95,59.56
-20.95,-16.93,59.56
-20.91,-16.94,59.56
-20.88,-16.90,59.55
-20.85,-16.88,59.55
-20.81,-16.87,59.56
-20.79,-16.85,59.56
-20.79,-16.84,59.57
-20.78,-16.84,59.58
-20.77,-16.85,59.57
-20.76,-16.85,59.57
-20.76,-16.88,59.58
-20.76,-16.89,59.59
-20.76,-16.88,59.59
-20.77,-16.84,59.60
-20.77,-16.83,59.60
-20.79,-16.81,59.60
-20.81,-16.78,59.59
-20.79,-16.82,59.59
-20.80,-16.85,59.60
-20.81,-16.84,59.61
-20.79,-16.89,59.62
-20.78,-16.89,59.63
-20.76,-16.89,59.63
-20.80,-16.90,59.65
-20.81,-16.90,59.66
-20.81,-16.91,59.67
-20.82,-16.93,59.69
-20.83,-16.91,59.70
-20.81,-16.90,59.71
-20.82,-16.91,59.71
-20.81,-16.91,59.71
-20.81,-16.90,59.71
-20.78,-16.90,59.70
-20.79,-16.90,59.70
-20.75,-16.91,59.69
-20.76,-16.92,59.69
-20.77,-16.92,59.70
-20.79,-16.91,59.70
-20.79,-16.92,59.71
-20.79,-16.93,59.71
-20.77,-16.91,59.70
-20.71,-16.93,59.69
-20.69,-16.93,59.68
-20.68,-16.95,59.68
-20.67,-16.96,59.69
-20.66,-16.97,59.69
-20.64,-16.99,59.69
-20.64,-16.97,59.69
-20.63,-16.96,59.69
-20.63,-16.93,59.69
-20.60,-16.90,59.69
-20.58,-16.88,59.68
-20.60,-16.87,59.68
-20.61,-16.85,59.68
-20.60,-16.82,59.68
-20.60,-16.81,59.67
-20.59,-16.82,59.67
-20.55,-16.79,59.66
-20.51,-16.76,59.64
-20.49,-16.77,59.63
-20.49,-16.77,59.65
-20.49,-16.76,59.65
-20.50,-16.73,59.67
-20.52,-16.72,59.68
-20.52,-16.73,59.69
-20.52,-16.72,59.70
-20.52,-16.72,59.70
-20.52,-16.70,59.71
-20.55,-16.68,59.71
-20.55,-16.66,59.70
-20.55,-16.62,59.68
-20.55,-16.61,59.69
-20.54,-16.62,59.69
-20.53,-16.61,59.69
-20.54,-16.63,59.69
-20.53,-16.64,59.70
-20.52,-16.62,59.70
-20.53,-16.60,59.70
-20.54,-16.63,59.70
-20.54,-16.64,59.71
-20.56,-16.67,59.73
-20.58,-16.73,59.73
-20.56,-16.73,59.72
-20.53,-16.74,59.73
-20.56,-16.71,59.76
-20.61,-16.72,59.76
-20.63,-16.76,59.76
-20.59,-16.74,59.77
-20.54,-16.72,59.78
-20.51,-16.71,59.79
-20.50,-16.71,59.78
-20.53,-16.75,59.79
-20.53,-16.75,59.77
-20.52,-16.77,59.76
-20.52,-16.76,59.78
-20.54,-16.74,59.77
-20.57,-16.72,59.76
-20.59,-16.70,59.77
-20.59,-16.67,59.78
-20.59,-16.63,59.80
-20.61,-16.62,59.81
-20.61,-16.61,59.80
-20.63,-16.61,59.82
-20.65,-16.59,59.84
-20.68,-16.56,59.87
-20.68,-16.56,59.88
-20.70,-16.54,59.90
-20.70,-16.53,59.92
-20.71,-16.53,59.93
-20.70,-16.55,59.94
-20.67,-16.55,59.94
-20.64,-16.53,59.91
-20.64,-16.55,59.91
-20.63,-16.56,59.93
-20.59,-16.54,59.90
-20.52,-16.46,59.91
-20.45,-16.62,59.93
-20.43,-16.49,59.89
-20.52,-16.58,59.94
-20.50,-16.70,59.99
-20.59,-16.60,59.94
-20.56,-16.65,59.97
-20.52,-16.69,59.99
-20.57,-16.60,59.96
-20.50,-16.60,60.01
-20.53,-16.64,60.05
-20.53,-16.63,60.01
-20.51,-16.65,59.98
-20.50,-16.68,59.98
-20.50,-16.71,59.99
-20.55,-16.73,59.98
-20.54,-16.72,59.99
-20.54,-16.70,60.00
-20.50,-16.62,59.98
-20.49,-16.61,60.01
-20.51,-16.61,60.00
-20.54,-16.62,59.99
-20.56,-16.64,59.98
-20.51,-16.63,59.99
-20.51,-16.67,60.00
-20.54,-16.65,59.99
-20.57,-16.64,59.98
-20.54,-16.66,60.01
-20.52,-16.62,60.02
-20.54,-16.58,60.01
-20.55,-16.61,60.00
-20.55,-16.62,60.00
-20.53,-16.65,60.01
-20.47,-16.64,60.01
-20.48,-16.59,60.00
-20.49,-16.59,59.99
-20.52,-16.56,60.01
-20.58,-16.52,60.02
-20.61,-16.50,60.03
-20.61,-16.48,60.02
-20.61,-16.47,60.01
-20.60,-16.45,60.01
-20.62,-16.45,60.02
-20.64,-16.45,60.04
-20.63,-16.44,60.04
-20.66,-16.45,60.06
-20.67,-16.46,60.07
-20.64,-16.47,60.06
-20.66,-16.51,60.07
-20.68,-16.51,60.06
-20.70,-16.51,60.08
-20.67,-16.52,60.07
-20.69,-16.51,60.05
-20.70,-16.55,60.07
-20.69,-16.57,60.07
-20.69,-16.57,60.06
-20.68,-16.57,60.06
-20.66,-16.54,60.06
-20.63,-16.54,60.05
-20.62,-16.55,60.06
-20.64,-16.53,60.07
-20.65,-16.53,60.08
-20.66,-16.54,60.09
-20.66,-16.54,60.09
-20.67,-16.53,60.09
-20.68,-16.52,60.10
-20.66,-16.53,60.09
-20.65,-16.51,60.08
-20.64,-16.48,60.07
-20.55,-16.43,60.05
-20.52,-16.42,60.04
-20.53,-16.43,60.03
-20.54,-16.45,60.03
-20.54,-16.46,60.02
-20.54,-16.48,60.01
-20.52,-16.47,59.99
-20.52,-16.46,59.99
-20.56,-16.45,60.00
-20.58,-16.47,60.01
-20.57,-16.48,60.02
-20.56,-16.48,60.02
-20.57,-16.48,60.03
-20.60,-16.47,60.04
-20.62,-16.48,60.05
-20.61,-16.48,60.05
-20.59,-16.48,60.05
-20.59,-16.51,60.05
-20.59,-16.51,60.06
-20.58,-16.52,60.06
-20.59,-16.53,60.06
-20.57,-16.53,60.06
-20.57,-16.52,60.06
-20.59,-16.51,60.07
-20.57,-16.51,60.07
-20.55,-16.47,60.07
-20.53,-16.44,60.05
-20.50,-16.46,60.05
-20.52,-16.48,60.04
-20.51,-16.51,60.03
-20.49,-16.54,60.02
-20.27,-16.77,59.89
-20.54,-17.59,59.65
-21.18,-17.55,59.13
-20.97,-17.54,59.07
-21.08,-17.64,59.32
-20.59,-17.30,59.34
-20.46,-17.18,59.35
-20.15,-16.58,59.33
-19.48,-16.11,59.77
-19.18,-15.85,59.96
-19.07,-15.59,59.94
-19.25,-15.75,60.49
-19.61,-15.82,61.36
-19.58,-15.06,61.86
-19.21,-14.42,60.34
-16.74,-13.05,60.29
-15.66,-12.26,60.12
-15.99,-12.67,60.08
-16.54,-13.53,60.50
-17.11,-15.67,60.51
-18.38,-16.74,59.74
-19.43,-17.33,59.48
-20.20,-17.49,59.40
-20.16,-17.47,59.56
-20.23,-17.36,59.73
-20.06,-17.05,59.80
-19.97,-16.85,59.85
-19.83,-16.77,59.93
-20.74,-17.08,59.46
-20.43,-17.24,59.08
-20.52,-17.20,58.78
-20.88,-17.60,58.39
-21.05,-17.77,58.29
-20.81,-17.65,58.25
-20.40,-17.22,58.09
-20.01,-16.91,58.57
-19.73,-16.20,59.36
-18.82,-15.34,59.29
-18.09,-15.46,58.06
-18.00,-15.45,57.17
-18.49,-15.56,57.19
-18.92,-15.39,58.05
-18.23,-15.52,57.67
-17.88,-15.82,56.53
-17.77,-16.24,55.43
-18.31,-16.94,56.00
-19.55,-17.01,57.27
-20.08,-16.95,57.91
-20.41,-16.67,58.30
-20.99,-16.37,58.60
-21.02,-16.09,58.24
-20.62,-15.75,57.60
-19.79,-15.59,56.76
-19.12,-15.47,56.53
-18.93,-16.42,57.63
-18.84,-17.43,59.24
-18.40,-18.45,60.44
-17.74,-18.87,61.89
-17.05,-19.20,63.39
-16.62,-19.75,65.29
-16.31,-19.91,67.08
-16.85,-20.26,68.97
-16.74,-20.26,69.66
-16.19,-20.29,70.86
-15.62,-20.62,73.25
-15.31,-21.42,75.60
-15.85,-21.89,76.24
-16.37,-22.44,77.00
-16.38,-22.88,78.08
-15.64,-23.85,79.68
-14.68,-24.55,81.15
-14.56,-25.22,82.61
-14.22,-25.91,83.88
-13.53,-26.89,84.33
-12.93,-27.92,84.53
-12.51,-29.03,85.47
-12.40,-30.01,87.02
-12.37,-30.50,88.01
-12.08,-30.68,88.14
-11.74,-30.95,88.40
-11.62,-31.44,89.05
-11.49,-31.91,89.88
-11.46,-32.23,90.75
-11.39,-32.50,91.42
-11.38,-32.79,92.01
-11.11,-33.03,92.47
-10.95,-33.26,93.05
-11.05,-33.43,93.52
-11.20,-33.56,93.92
-11.18,-33.63,94.30
-11.23,-33.65,94.64
-11.48,-33.58,95.13
-11.67,-33.45,95.34
-11.86,-33.22,95.37
-11.94,-32.89,95.15
-11.94,-32.67,95.10
-12.08,-32.43,95.06
-12.42,-32.04,94.84
-12.72,-31.46,94.22
-13.22,-30.42,93.10
-13.42,-29.52,91.99
-13.06,-28.54,90.53
-13.06,-27.71,89.34
-13.43,-26.95,88.22
-14.26,-26.27,87.76
-15.03,-25.47,87.07
-15.75,-24.72,86.15
-16.23,-24.06,85.27
-16.92,-23.32,84.28
-17.94,-22.43,83.05
-18.76,-21.56,81.86
-19.03,-20.65,80.98
-19.73,-19.78,80.34
-21.01,-19.04,79.60
-21.81,-18.36,79.15
-22.25,-17.82,78.47
-22.84,-17.26,77.51
-23.32,-16.75,76.87
-23.93,-16.37,76.36
-24.52,-16.11,75.74
-24.81,-15.92,75.35
-25.06,-15.67,75.19
-25.57,-15.44,75.03
-26.17,-15.23,74.74
-26.52,-15.09,74.46
-26.80,-14.99,74.16
-27.53,-15.03,73.79
-27.87,-15.01,73.41
-28.25,-15.00,72.94
-28.20,-15.00,72.54
-28.35,-15.00,72.18
-28.43,-15.08,71.67
-28.66,-15.18,71.40
-28.64,-15.49,71.09
-28.09,-15.60,71.16
-27.66,-15.58,71.02
-27.00,-15.66,71.01
-26.75,-16.21,71.48
-26.51,-16.87,72.06
-26.14,-17.10,72.65
-25.65,-17.19,73.19
-25.23,-18.22,74.79
-25.03,-19.56,76.21
-24.58,-20.77,77.40
-24.43,-21.30,78.49
-23.96,-21.41,79.83
-22.54,-20.71,79.92
-20.82,-19.96,79.47
-20.05,-19.74,79.55
-19.69,-19.40,80.26
-19.63,-18.72,81.08
-19.34,-18.33,81.50
-18.37,-18.03,81.56
-17.57,-16.91,81.73
-17.29,-15.80,82.72
-16.91,-14.72,83.68
-17.10,-14.31,84.89
-15.87,-14.78,86.23
-14.66,-14.97,87.50
-14.56,-14.48,88.57
-14.11,-14.09,89.61
-13.29,-14.10,90.85
-12.08,-14.44,91.78
-11.34,-14.77,93.22
-10.88,-15.00,94.56
-9.51,-15.89,95.62
-8.37,-17.40,96.87
-7.88,-18.69,98.39
-6.61,-20.26,99.71
-5.40,-21.26,100.82
-4.43,-22.09,101.76
-3.26,-22.72,102.03
-2.42,-23.15,102.41
-1.67,-23.47,102.99
-1.12,-23.70,103.64
-0.48,-24.12,104.24
-0.19,-24.51,105.23
-0.04,-24.82,106.23
0.25,-25.12,107.08
0.50,-25.33,107.91
1.01,-25.50,108.49
1.45,-25.68,109.13
1.75,-25.78,109.73
2.26,-25.85,110.13
2.87,-26.02,110.27
3.45,-26.17,110.39
3.75,-26.13,110.72
3.98,-26.05,111.19
4.04,-25.80,111.84
4.15,-25.62,112.20
4.21,-25.53,112.68
4.22,-25.35,113.23
4.19,-25.15,113.85
4.02,-24.86,114.52
3.58,-24.00,115.38
3.02,-23.47,116.13
2.42,-22.91,116.92
1.75,-21.94,117.73
1.12,-20.66,118.40
0.96,-19.24,118.35
0.82,-17.39,117.96
0.56,-15.26,117.59
0.27,-12.68,117.16
-0.20,-9.40,117.00
-0.25,-6.76,116.34
-0.67,-4.46,115.66
-1.29,-2.32,115.33
-1.95,-0.08,114.38
-2.56,2.05,113.29
-2.73,3.39,112.18
-2.98,4.38,111.95
-3.45,8.06,110.70
-3.83,10.44,109.44
-4.34,12.82,107.92
-5.12,14.82,107.38
-6.11,16.44,107.06
-7.29,18.05,106.50
-8.54,19.66,105.88
-9.72,21.32,105.02
-11.07,22.90,104.46
-13.12,24.55,102.39
-15.84,26.36,99.57
-18.02,27.69,97.73
-19.35,28.85,96.83
-20.40,29.86,95.37
-21.10,30.84,94.49
-22.33,32.07,94.40
-23.65,33.09,93.28
-23.52,33.66,93.33
-23.32,34.47,92.82
-23.44,35.14,92.73
-25.42,35.90,91.34
-27.59,36.16,89.39
-28.38,36.40,88.92
-29.12,36.56,88.58
-30.79,36.56,86.67
-32.79,36.65,84.32
-34.43,36.83,82.47
-35.03,37.14,81.92
-35.97,37.36,81.38
-37.50,37.36,79.84
-39.70,37.27,77.43
-41.75,37.21,75.24
-43.41,37.34,73.51
-44.65,37.56,72.18
-45.70,37.96,71.48
-47.43,37.79,70.11
-49.20,37.35,68.63
-51.07,36.73,66.90
-52.65,36.41,65.66
-53.50,36.33,65.22
-54.60,36.00,64.60
-55.53,35.96,64.48
-56.59,35.57,63.87
-58.21,34.72,62.76
-59.81,33.71,61.36
-60.80,32.87,59.96
-62.02,31.60,58.77
-62.92,30.63,58.02
-63.35,30.01,57.58
-64.48,29.06,57.16
-66.15,27.56,56.32
-68.08,25.13,54.56
-69.01,23.55,52.88
-68.75,23.62,52.23
-68.58,23.71,51.97
-69.63,22.12,51.06
-70.35,21.09,50.22
-70.23,21.20,49.94
-69.93,21.69,49.98
-70.21,21.40,49.87
-71.09,20.46,49.49
-71.54,19.97,49.18
-71.35,20.24,49.13
-71.24,20.46,49.09
-72.32,19.24,48.66
-73.24,18.23,48.02
-73.18,18.33,47.65
-72.84,18.91,47.56
-73.24,18.60,47.22
-73.73,18.05,46.68
-73.47,18.38,46.32
-72.91,18.90,46.15
-71.89,19.87,46.36
-70.59,21.38,47.00
-68.79,23.66,48.59
-66.95,25.92,50.19
-65.55,27.68,51.62
-63.70,29.83,53.59
-61.54,32.07,56.21
-58.27,34.88,59.95
-55.17,36.75,63.08
-52.78,37.75,65.48
-51.23,37.87,66.88
-49.61,38.31,68.29
-48.02,38.67,70.02
-45.96,39.25,72.22
-43.95,39.83,74.61
-42.34,40.23,76.25
-41.56,40.99,76.67
-40.73,40.76,76.71
-39.37,41.94,78.23
-38.51,43.21,79.91
-35.13,43.91,83.94
-32.38,44.00,86.37
-30.92,43.70,87.46
-29.73,42.74,88.71
-27.11,42.48,91.84
-23.76,42.76,95.13
-21.99,42.50,96.67
-21.55,42.05,96.69
-20.20,41.74,98.04
-18.34,41.47,99.88
-16.76,41.14,101.54
-15.58,40.91,102.51
-15.27,40.58,102.38
-14.23,40.12,102.98
-13.63,39.59,102.90
-12.60,39.31,103.78
-11.14,39.24,105.21
-9.94,38.98,105.74
-8.87,38.61,105.74
-7.94,38.26,106.53
-6.21,37.85,108.84
-4.28,37.63,110.76
-2.70,37.26,111.79
-1.83,36.86,111.94
-1.27,36.39,112.28
-0.29,35.76,113.49
0.62,35.08,114.53
0.92,34.43,114.75
0.93,33.89,114.45
0.88,33.24,113.83
1.29,31.60,113.93
1.98,29.02,114.53
2.60,25.98,114.70
3.55,23.35,115.33
4.33,20.86,115.35
4.58,18.80,113.16
5.15,16.86,111.89
5.88,15.43,112.03
6.44,14.41,112.35
6.95,13.40,112.75
7.20,12.15,113.58
7.27,9.99,114.38
5.91,8.31,115.27
5.38,6.97,116.02
5.63,6.18,116.93
5.42,5.53,117.52
5.09,4.87,118.13
4.77,4.12,118.86
4.58,3.63,119.03
4.41,3.19,118.95
4.25,2.70,119.00
4.08,1.94,119.19
4.17,0.98,119.78
4.30,0.09,120.26
4.31,-0.77,120.66
4.36,-1.83,120.87
4.37,-2.87,121.20
4.13,-3.69,121.75
3.62,-4.62,122.78
2.81,-5.58,124.36
1.69,-6.66,126.10
0.78,-7.77,127.42
-0.59,-8.54,128.61
-2.20,-9.25,129.93
-3.44,-9.80,131.14
-4.79,-10.17,132.29
-6.82,-10.19,133.98
-8.80,-10.01,135.50
-10.18,-9.82,136.35
-11.58,-9.48,137.07
-14.06,-8.74,138.67
-16.30,-8.44,139.75
-17.28,-8.10,140.28
-17.94,-7.81,140.38
-19.11,-7.32,140.34
-20.43,-6.60,140.33
-21.10,-6.10,140.09
-22.13,-5.68,140.21
-22.62,-5.42,140.22
-22.67,-5.42,140.20
-22.05,-5.57,139.85
-21.08,-5.71,139.39
-19.72,-5.61,138.57
-17.98,-5.85,137.46
-16.18,-6.09,136.32
-14.25,-6.24,134.98
-12.64,-6.24,134.04
-10.89,-5.69,132.70
-8.82,-4.58,130.57
-6.85,-3.58,128.79
-4.61,-2.25,126.91
-2.67,-0.99,125.88
-0.97,0.29,125.11
0.17,1.78,124.33
1.24,3.43,122.93
1.73,6.16,120.82
1.77,9.74,118.59
1.91,12.60,116.97
2.47,15.30,116.46
3.48,17.25,116.10
3.21,19.38,114.35
2.02,21.75,112.17
1.09,22.79,112.68
0.91,23.74,114.98
0.42,25.32,114.69
-0.84,26.36,114.09
-3.46,27.28,112.39
-6.58,28.02,110.47
-9.39,28.56,108.61
-12.72,28.96,106.14
-15.88,29.11,103.77
-18.72,29.36,101.48
-21.74,29.90,98.67
-24.70,30.42,95.90
-28.88,30.50,92.40
-32.53,30.15,90.38
-34.42,30.02,89.76
-36.10,29.82,89.29
-38.35,29.26,87.97
-40.66,28.56,86.42
-42.47,28.00,85.06
-43.66,27.60,84.46
-45.50,26.44,83.80
-48.24,24.71,82.63
-49.64,23.21,81.99
-50.02,22.19,81.93
-50.31,20.99,81.85
-50.76,18.85,81.32
-51.36,17.05,80.33
-50.90,15.77,79.74
-50.11,14.57,79.58
-49.76,13.00,79.27
-49.93,10.91,78.64
-49.68,8.75,78.11
-49.02,6.84,77.92
-48.43,4.81,77.65
-47.94,2.47,76.57
-47.38,0.40,75.26
-46.04,-1.37,74.05
-44.35,-2.73,73.31
-42.69,-4.10,72.62
-41.16,-5.55,71.87
-39.68,-7.14,70.62
-37.93,-8.43,69.28
-36.16,-9.42,68.05
-34.29,-10.46,66.95
-32.50,-11.45,65.97
-30.67,-12.49,65.06
-29.08,-13.45,63.72
-27.53,-14.21,62.62
-25.62,-14.97,61.71
-24.03,-15.78,60.73
-22.63,-16.50,59.46
-21.23,-17.05,58.23
-19.76,-17.41,57.09
-18.36,-17.75,56.18
-17.40,-18.22,55.24
-16.24,-18.45,55.21
-14.61,-18.99,56.33
-13.15,-19.66,57.08
-12.00,-20.30,57.37
-10.81,-21.01,57.64
-9.64,-21.53,57.59
-8.64,-22.25,58.45
-7.84,-22.86,58.98
-7.46,-23.20,59.23
-7.16,-23.50,59.49
-6.95,-24.06,60.30
-7.04,-24.42,61.07
-6.59,-24.60,61.68
-6.27,-24.64,61.99
-6.48,-24.56,61.76
-6.72,-24.42,61.72
-6.69,-24.24,61.68
-6.59,-23.98,61.81
-6.59,-23.74,62.05
-6.79,-23.44,62.28
-7.25,-23.22,62.45
-7.58,-23.15,63.05
-7.97,-23.05,63.40
-8.50,-22.80,63.31
-9.01,-22.54,63.12
-9.46,-22.33,62.95
-9.84,-22.21,62.81
-10.21,-22.08,62.83
-10.57,-21.84,62.79
-10.78,-21.54,62.77
-11.08,-21.22,62.72
-11.55,-20.95,62.63
-11.94,-20.75,62.44
-12.33,-20.58,62.26
-12.64,-20.46,62.28
-12.86,-20.33,62.38
-13.05,-20.26,62.45
-13.22,-20.18,62.50
-13.54,-20.05,62.50
-13.88,-19.95,62.50
-14.29,-19.82,62.46
-14.74,-19.64,62.41
-14.97,-19.43,62.23
-15.22,-19.22,62.11
-15.46,-19.08,62.20
-15.64,-18.96,62.26
-15.87,-18.81,62.25
-16.08,-18.65,62.24
-16.27,-18.46,62.11
-16.52,-18.28,62.14
-16.83,-18.13,62.19
-17.05,-18.01,62.34
-17.31,-17.87,62.40
-17.64,-17.70,62.39
-17.89,-17.54,62.39
-18.23,-17.43,62.46
-18.43,-17.32,62.52
-18.56,-17.20,62.60
-18.62,-17.06,62.67
-18.70,-16.94,62.73
-19.00,-16.94,62.83
-19.29,-16.98,62.97
-19.51,-16.97,63.07
-19.69,-16.88,63.12
-19.79,-16.76,63.19
-19.83,-16.58,63.24
-19.99,-16.45,63.24
-20.17,-16.39,63.27
-20.29,-16.34,63.33
-20.32,-16.29,63.35
-20.27,-16.27,63.45
-20.25,-16.29,63.59
-20.27,-16.37,63.72
-20.37,-16.44,63.83
-20.48,-16.45,63.89
-20.58,-16.45,63.97
-20.68,-16.39,64.00
-20.78,-16.27,64.00
-20.88,-16.19,63.97
-21.08,-16.13,63.94
-21.36,-16.12,63.94
-21.72,-16.16,63.97
-22.15,-16.24,64.03
-22.32,-16.26,64.09
-22.36,-16.24,64.10
-22.31,-16.20,64.15
-22.32,-16.19,64.15
-22.35,-16.20,64.14
-22.34,-16.20,64.09
-22.36,-16.13,64.03
-22.26,-16.01,63.97
-22.19,-15.93,63.92
-22.10,-15.89,63.92
-22.10,-15.91,63.96
-22.17,-15.93,64.03
-22.28,-16.01,64.14
-22.39,-16.13,64.25
-22.40,-16.19,64.35
-22.33,-16.19,64.35
-22.18,-16.12,64.32
-22.16,-16.05,64.31
-22.15,-16.01,64.31
-22.25,-15.98,64.24
-22.33,-15.94,64.16
-22.41,-15.87,64.06
-22.34,-15.76,64.03
-22.31,-15.65,64.03
-22.32,-15.60,64.02
-22.35,-15.57,64.00
-22.44,-15.56,64.00
-22.68,-15.63,63.99
-22.90,-15.67,63.98
-23.08,-15.75,63.91
-23.26,-15.80,63.82
-23.48,-15.92,63.53
-23.79,-16.08,62.98
-24.04,-16.22,62.43
-24.22,-16.35,61.79
-24.27,-16.42,61.10
-24.42,-16.44,60.36
-24.47,-16.45,59.71
-24.49,-16.56,59.00
-23.90,-16.51,58.38
-23.70,-16.46,57.46
-23.41,-16.40,56.69
-23.18,-16.39,56.11
-22.88,-16.45,55.19
-22.57,-16.46,54.15
-22.60,-16.58,53.10
-23.06,-16.62,52.34
-23.11,-16.64,51.48
-22.50,-16.51,50.05
-21.73,-16.34,48.90
-21.81,-16.19,48.43
-22.05,-16.04,47.92
-22.16,-16.03,47.05
-22.07,-16.30,45.76
-22.33,-16.48,44.60
-22.69,-16.63,43.29
-23.27,-16.67,41.99
-23.29,-16.74,40.65
-23.10,-16.87,39.38
-22.75,-17.25,38.45
-22.85,-17.82,37.95
-22.92,-18.45,37.62
-22.87,-19.19,37.40
-22.77,-19.97,37.40
-22.53,-20.94,37.40
-22.06,-22.14,37.56
-22.07,-23.43,39.68
-22.14,-24.67,41.91
-22.19,-26.07,46.33
-21.02,-27.13,47.52
-19.44,-27.84,48.13
-17.92,-27.93,48.66
-16.48,-27.58,49.17
-14.47,-26.96,48.26
-13.25,-26.26,47.74
-12.59,-25.65,47.17
-11.50,-24.83,46.86
-10.45,-24.01,46.95
-8.80,-22.93,47.07
-6.82,-22.75,45.63
-7.18,-22.60,45.96
-7.44,-21.89,45.72
-7.57,-21.07,45.54
-8.05,-21.58,45.39
-8.82,-22.04,45.18
-9.39,-21.64,44.88
-9.94,-21.57,44.63
-10.37,-21.78,44.58
-10.67,-21.37,44.72
-11.06,-20.79,44.70
-11.25,-20.72,44.82
-11.62,-20.58,44.93
-11.94,-20.25,44.91
-12.29,-20.16,44.86
-12.67,-20.23,44.92
-13.01,-20.15,44.99
-13.26,-19.93,45.02
-13.50,-19.88,45.14
-13.77,-19.76,45.30
-14.01,-19.54,45.39
-14.16,-19.38,45.52
-14.31,-19.30,45.69
-14.49,-19.18,45.82
-14.67,-19.07,45.91
-14.87,-19.05,45.97
-15.07,-19.03,46.06
-15.24,-18.96,46.20
-15.38,-18.87,46.35
-15.49,-18.80,46.52
-15.59,-18.71,46.64
-15.73,-18.62,46.76
-15.81,-18.58,46.88
-15.91,-18.52,47.01
-16.05,-18.49,47.15
-16.17,-18.47,47.27
-16.26,-18.45,47.38
-16.33,-18.39,47.49
-16.41,-18.38,47.60
-16.49,-18.35,47.74
-16.60,-18.32,47.88
-16.69,-18.26,48.01
-16.72,-18.22,48.12
-16.77,-18.23,48.22
-16.84,-18.23,48.32
-16.90,-18.24,48.44
-16.97,-18.25,48.56
-17.01,-18.22,48.67
-17.05,-18.19,48.77
-17.07,-18.16,48.89
-17.11,-18.11,49.00
-17.13,-18.03,49.10
-17.16,-18.02,49.19
-17.17,-17.99,49.28
-17.17,-17.95,49.34
-17.19,-17.94,49.42
-17.24,-17.93,49.52
-17.29,-17.93,49.61
-17.34,-17.93,49.69
-17.37,-17.89,49.79
-17.38,-17.84,49.87
-17.39,-17.77,49.95
-17.43,-17.69,50.02
-17.47,-17.66,50.10
-17.53,-17.66,50.21
-17.57,-17.67,50.29
-17.60,-17.65,50.38
-17.64,-17.61,50.46
-17.63,-17.57,50.53
-17.59,-17.53,50.59
-17.58,-17.53,50.68
-17.59,-17.51,50.75
-17.63,-17.51,50.83
-17.62,-17.50,50.89
-17.65,-17.48,50.97
-17.62,-17.47,51.02
-17.63,-17.51,51.08
-17.61,-17.51,51.13
-17.60,-17.54,51.18
-17.57,-17.53,51.22
-17.56,-17.53,51.27
-17.57,-17.55,51.34
-17.58,-17.55,51.38
-17.58,-17.56,51.43
-17.59,-17.56,51.47
-17.59,-17.58,51.51
-17.60,-17.57,51.56
-18.03,-18.58,51.55
-19.30,-20.10,50.94
-18.66,-19.52,50.84
-18.49,-19.48,50.84
-18.33,-19.18,50.84
-18.10,-18.77,51.01
-17.83,-18.46,51.09
-17.66,-18.36,51.19
-17.45,-18.10,51.18
-17.03,-17.61,51.70
-16.36,-17.07,52.09
-16.16,-16.75,52.21
-16.03,-16.62,52.20
-16.12,-16.62,52.13
-16.46,-16.75,51.88
-16.73,-16.87,51.64
-16.88,-16.98,51.63
-16.86,-16.92,51.77
-16.81,-16.76,51.95
-16.77,-16.71,52.07
-16.71,-16.65,52.19
-16.79,-16.65,52.27
-16.92,-16.69,52.36
-17.08,-16.81,52.36
-17.17,-16.90,52.32
-17.24,-16.92,52.37
-17.22,-16.86,52.47
-17.25,-16.79,52.54
-17.27,-16.76,52.60
-17.29,-16.76,52.66
-17.33,-16.78,52.70
-17.37,-16.82,52.72
-17.42,-16.89,52.74
-17.47,-16.91,52.73
-17.58,-16.92,52.78
-17.61,-16.93,52.82
-17.63,-16.94,52.89
-17.62,-16.91,52.93
-17.63,-16.93,52.97
-17.66,-16.97,53.00
-17.69,-17.01,53.04
-17.74,-17.02,53.07
-17.80,-17.03,53.11
-17.88,-17.07,53.15
-17.91,-17.07,53.17
-17.95,-17.07,53.22
-17.95,-17.08,53.25
-17.97,-17.09,53.28
-18.00,-17.11,53.32
-18.01,-17.10,53.36
-18.03,-17.09,53.38
-18.04,-17.10,53.42
-18.03,-17.10,53.43
-18.05,-17.08,53.46
-18.07,-17.06,53.48
-18.07,-17.07,53.51
-18.07,-17.08,53.51
-18.05,-17.09,53.51
-18.04,-17.10,53.53
-18.07,-17.10,53.55
-18.14,-17.12,53.58
-18.13,-17.13,53.59
-18.14,-17.15,53.60
-18.17,-17.17,53.63
-18.22,-17.19,53.67
-18.24,-17.18,53.70
-18.24,-17.17,53.72
-18.25,-17.16,53.75
-18.26,-17.20,53.77
-18.23,-17.21,53.78
-18.19,-17.22,53.80
-18.16,-17.22,53.81
-18.14,-17.21,53.82
-18.15,-17.21,53.84
-18.12,-17.22,53.85
-18.13,-17.25,53.88
-18.16,-17.26,53.90
-18.18,-17.27,53.91
-18.17,-17.25,53.92
-18.15,-17.24,53.93
-18.10,-17.22,53.92
-18.10,-17.16,53.94
-18.10,-17.14,53.95
-18.13,-17.12,53.97
-18.15,-17.11,53.99
-18.19,-17.38,54.18
-18.09,-17.59,54.29
-18.02,-17.46,54.20
-18.03,-17.31,54.19
-17.94,-17.28,54.31
-18.50,-17.33,54.35
-18.52,-17.38,54.32
-18.41,-17.33,54.35
-18.39,-17.31,54.40
-18.24,-17.25,54.44
-18.22,-17.36,54.46
-18.23,-17.39,54.45
-18.12,-17.34,54.39
-18.32,-17.43,54.16
-18.22,-17.25,54.23
-18.21,-17.33,54.26
-18.25,-17.27,54.29
-18.26,-17.07,54.36
-18.18,-16.79,54.36
-17.89,-16.27,54.52
-17.67,-16.18,54.77
-17.65,-16.32,54.91
-17.67,-16.31,55.03
-17.55,-16.18,55.09
-17.48,-16.11,55.26
-17.50,-16.13,55.22
-17.70,-16.62,55.31
-18.08,-16.81,55.40
-18.34,-16.15,55.26
-18.66,-16.40,55.25
-18.88,-16.71,55.40
-18.78,-16.27,55.42
-18.51,-16.07,55.37
-18.39,-16.56,55.50
-18.34,-16.53,55.56
-18.22,-16.19,55.51
-18.16,-16.31,55.63
-18.21,-16.48,55.69
-18.31,-16.38,55.67
-18.34,-16.37,55.68
-18.48,-16.65,55.68
-18.61,-17.00,55.68
-18.86,-17.38,55.71
-19.03,-17.55,55.69
-18.83,-16.95,55.63
-18.89,-16.92,55.62
-18.88,-16.82,55.61
-18.76,-16.55,55.57
-18.75,-16.25,55.65
-18.53,-16.06,55.61
-18.44,-16.21,55.57
-18.51,-16.66,55.60
-18.37,-16.75,55.66
-18.42,-17.05,55.60
-18.66,-17.87,55.56
-18.77,-18.45,55.49
-19.02,-18.44,55.29
-19.00,-17.64,55.08
-18.79,-16.52,55.00
-18.75,-16.66,55.26
-18.69,-16.96,55.48
-18.52,-16.51,55.47
-18.37,-16.40,55.45
-18.41,-17.12,55.68
-18.51,-17.55,55.80
-18.72,-17.31,55.75
-18.79,-17.43,55.76
-18.81,-17.36,55.88
-18.72,-16.26,55.62
-18.80,-15.46,55.51
-18.59,-15.62,55.73
-18.44,-16.08,55.69
-18.51,-16.50,55.63
-18.31,-17.17,55.72
-18.42,-18.05,55.68
-18.61,-18.42,55.60
-18.45,-18.12,55.55
-18.66,-17.36,55.36
-18.59,-16.34,55.21
-18.59,-15.72,55.21
-18.49,-16.08,55.31
-18.35,-16.82,55.27
-18.26,-17.67,55.28
-18.41,-18.49,55.49
-18.41,-18.54,55.54
-18.66,-17.90,55.26
-18.92,-16.74,54.94
-18.65,-15.87,54.83
-18.45,-15.98,54.55
-18.45,-17.24,54.93
-18.23,-18.10,55.17
-18.46,-18.28,54.96
-18.21,-18.34,55.04
-18.07,-18.48,55.11
-18.15,-18.57,55.04
-18.06,-18.66,55.12
-18.15,-18.73,55.09
-18.34,-18.80,55.00
-17.99,-18.65,55.21
-18.01,-18.58,55.17
-18.33,-18.48,54.99
-18.18,-18.03,55.04
-18.24,-17.66,55.17
-18.49,-17.31,55.08
-18.65,-16.14,54.91
-18.63,-15.56,54.74
-18.78,-15.37,54.85
-18.91,-14.90,54.89
-19.21,-14.28,55.09
-19.48,-13.58,55.34
-19.42,-13.13,55.63
-19.59,-13.11,56.31
-19.62,-12.50,57.46
-19.15,-11.78,57.78
-19.01,-11.82,58.03
-18.78,-12.48,58.66
-18.33,-12.62,58.89
-17.34,-12.59,59.56
-17.64,-12.52,59.42
-17.17,-12.79,59.76
-16.32,-12.87,60.20
-14.54,-12.67,61.34
-13.36,-11.96,61.71
-12.78,-11.35,61.91
-11.27,-11.32,62.48
-9.02,-11.01,63.32
-7.58,-10.25,63.74
-5.99,-9.57,64.27
-4.61,-9.32,64.71
-3.81,-9.22,65.00
-3.35,-8.86,65.06
-2.36,-8.47,65.37
-1.13,-8.15,65.83
-0.73,-8.00,65.79
-0.56,-8.17,65.72
-0.66,-8.52,65.43
-0.87,-8.85,65.27
-1.15,-8.92,65.22
-1.07,-8.99,65.29
-0.65,-9.06,65.52
-0.70,-9.04,65.57
-0.90,-9.00,65.59
-1.09,-9.02,65.62
-1.30,-8.96,65.66
-1.20,-8.75,65.83
-1.18,-8.58,65.94
-1.37,-8.58,65.96
-1.56,-8.59,65.97
-1.49,-8.50,66.10
-1.37,-8.30,66.24
-1.23,-8.17,66.33
-1.37,-8.19,66.34
-1.75,-8.27,66.24
-1.87,-8.37,66.25
-1.64,-8.33,66.38
-1.84,-8.34,66.31
-1.89,-8.44,66.44
-1.83,-8.48,66.48
-2.06,-8.39,66.39
-1.95,-8.41,66.49
-2.02,-8.47,66.55
-2.33,-8.45,66.45
-2.45,-8.39,66.49
-2.58,-8.37,66.48
-2.82,-8.43,66.41
-3.11,-8.48,66.34
-3.16,-8.51,66.37
-3.17,-8.47,66.38
-3.35,-8.48,66.30
-3.59,-8.57,66.21
-3.63,-8.71,66.15
-3.77,-8.86,66.05
-3.99,-9.03,65.90
-4.10,-9.22,65.82
-4.28,-9.33,65.74
-4.53,-9.41,65.66
-4.85,-9.53,65.54
-5.42,-9.70,65.35
-6.02,-9.93,65.09
-6.01,-10.14,65.07
-6.04,-10.10,65.02
-6.34,-10.01,64.86
-6.44,-10.14,64.80
-6.62,-10.32,64.69
-6.73,-10.46,64.58
-6.82,-10.60,64.51
-7.21,-10.76,64.26
-7.56,-10.91,64.09
-8.03,-11.01,63.98
-8.19,-11.02,63.87
-7.98,-11.04,63.96
-8.61,-11.05,63.61
-9.18,-11.15,63.35
-9.55,-11.31,63.19
-9.95,-11.44,63.03
-10.95,-11.58,62.69
-12.40,-11.85,62.29
-12.63,-12.20,62.27
-13.08,-12.29,62.21
-13.60,-12.32,62.10
-14.00,-12.48,62.06
-14.63,-12.72,62.02
-15.26,-12.78,61.89
-15.80,-12.84,61.74
-16.49,-12.96,61.59
-17.15,-13.09,61.38
-17.72,-13.28,61.18
-18.10,-13.61,61.10
-18.57,-13.93,60.89
-18.98,-14.20,60.71
-19.34,-14.31,60.67
-19.53,-14.29,60.62
-19.94,-14.48,60.37
-20.29,-14.82,60.14
-20.64,-15.25,59.86
-20.94,-15.57,59.65
-20.95,-15.76,59.50
-21.12,-15.94,59.27
-21.24,-16.20,59.10
-21.35,-16.34,58.98
-21.31,-16.42,58.93
-21.08,-16.69,58.89
-21.13,-16.96,58.72
-20.99,-17.05,58.55
-20.72,-17.23,58.56
-20.97,-17.11,58.26
-20.88,-16.92,58.10
-21.03,-16.84,57.98
-21.09,-16.86,57.81
-21.01,-16.86,57.65
-20.84,-17.18,57.51
-20.74,-17.53,57.37
-20.56,-17.66,57.30
-20.41,-17.80,57.22
-20.23,-17.95,57.13
-20.10,-18.17,56.90
-19.96,-18.60,56.60
-19.87,-19.03,56.36
-19.83,-19.04,56.14
-19.73,-18.96,55.91
-19.64,-18.94,55.68
-19.58,-18.97,55.48
-19.50,-18.99,55.36
-19.34,-19.00,55.16
-19.37,-19.12,54.95
-19.31,-19.04,54.82
-19.25,-18.79,54.71
-19.21,-18.75,54.64
-19.13,-18.80,54.61
-19.00,-18.77,54.56
-18.86,-18.76,54.46
-18.82,-18.81,54.44
-18.67,-18.76,54.33
-18.61,-18.80,54.27
-18.45,-18.91,54.20
-18.45,-18.94,54.16
-18.30,-18.84,54.07
-18.21,-18.83,54.04
-18.18,-18.87,53.99
-18.10,-18.89,53.91
-18.05,-18.92,53.86
-17.92,-19.10,53.75
-17.86,-19.30,53.79
-17.84,-19.36,53.74
-17.94,-19.55,53.68
-17.77,-19.98,53.69
-18.00,-20.24,53.66
-17.87,-20.07,53.51
-17.82,-20.23,53.48
-17.96,-20.51,53.42
-17.80,-20.17,53.22
-17.78,-20.15,53.31
-17.89,-20.01,53.42
-18.03,-19.46,53.28
-18.17,-19.04,53.37
-18.38,-18.76,53.54
-18.31,-18.22,53.80
-18.24,-17.39,53.84
-18.05,-16.82,54.01
-17.87,-16.62,54.35
-17.83,-15.99,54.59
-17.48,-15.45,55.03
-17.02,-15.24,55.46
-16.72,-15.43,56.03
-16.56,-14.81,55.70
-16.82,-15.34,55.87
-17.26,-15.45,55.60
-17.50,-15.56,55.67
-17.67,-15.43,55.62
-17.71,-15.52,55.87
-17.60,-15.47,56.11
-17.61,-15.29,56.25
-17.66,-15.30,56.37
-17.80,-15.41,56.50
-18.62,-15.74,56.03
-19.44,-16.37,55.77
-19.27,-16.93,56.15
-18.72,-16.34,56.62
-18.26,-15.71,56.71
-18.43,-15.82,56.75
-18.59,-16.51,56.96
-18.93,-16.93,56.93
-19.44,-17.23,56.80
-19.75,-17.30,56.62
-19.84,-17.37,56.62
-19.86,-17.59,56.93
-19.48,-17.48,57.12
-19.22,-17.89,57.44
-19.42,-17.08,57.49
-19.24,-16.22,57.19
-19.49,-16.62,57.36
-19.36,-16.86,57.35
-19.51,-17.37,57.47
-19.49,-16.75,57.55
-19.13,-15.69,57.51
-19.05,-15.21,57.67
-18.85,-14.88,58.31
-18.27,-13.53,58.63
-17.53,-12.73,58.99
-16.88,-12.65,59.35
-17.18,-12.84,59.55
-17.69,-13.02,59.25
-18.33,-13.55,59.00
-19.08,-14.08,59.25
-19.30,-14.45,59.46
-18.98,-14.21,59.72
-18.80,-14.11,59.97
-18.93,-15.43,60.75
-19.13,-16.77,62.10
-19.04,-18.12,62.88
-18.70,-18.26,63.07
-18.68,-18.68,63.39
-19.55,-17.34,63.46
-19.08,-17.93,62.84
-18.49,-17.31,62.66
-18.57,-16.31,62.77
-18.22,-15.67,63.00
-17.22,-14.67,63.10
-16.56,-13.85,64.06
-16.25,-12.25,64.32
-16.10,-10.92,64.09
-16.31,-10.47,64.15
-16.73,-10.20,64.14
-17.56,-9.95,63.88
-18.22,-9.99,63.71
-18.73,-10.13,63.80
-19.24,-10.55,63.84
-20.58,-11.06,64.56
-22.93,-11.80,65.01
-24.51,-12.48,65.70
-24.19,-12.99,66.89
-23.71,-13.29,66.61
-23.39,-13.37,66.69
-22.63,-12.95,66.65
-21.95,-12.11,66.59
-21.71,-11.42,66.41
-20.99,-10.24,65.73
-20.43,-10.10,65.97
-20.39,-10.63,66.35
-20.20,-10.67,66.46
-20.30,-10.74,66.59
-20.34,-10.99,66.91
-20.11,-10.91,67.25
-20.21,-10.92,67.12
-20.63,-11.58,67.25
-20.77,-11.94,67.36
-20.94,-11.72,67.18
-20.97,-12.08,67.19
-20.83,-12.44,67.34
-20.79,-12.45,67.38
-20.70,-12.32,67.33
-20.64,-12.48,67.37
-20.58,-12.81,67.78
-20.55,-13.11,67.69
-20.62,-13.81,67.71
-20.72,-14.27,67.84
-20.84,-14.63,68.00
-20.77,-15.20,68.20
-20.77,-15.48,68.45
-20.79,-15.65,68.45
-20.95,-15.43,68.36
-21.13,-14.53,68.24
-21.63,-13.18,67.53
-21.46,-12.10,66.27
-20.48,-12.14,66.29
-20.49,-12.32,66.85
-20.41,-12.44,67.00
-20.47,-12.62,67.12
-20.09,-12.83,67.36
-19.75,-13.22,67.46
-19.76,-13.45,67.27
-19.81,-13.56,67.09
-19.62,-13.64,67.18
-19.45,-13.49,67.18
-19.22,-13.30,67.07
-19.07,-12.91,66.78
-18.96,-12.57,66.52
-18.95,-12.55,66.50
-18.96,-12.52,66.50
-18.85,-12.54,66.40
-19.08,-12.54,66.03
-19.47,-12.61,65.58
-19.68,-12.63,65.10
-19.99,-12.53,64.55
-20.18,-12.45,64.03
-20.30,-12.61,63.60
-20.29,-12.86,63.12
-20.37,-12.73,62.76
-20.19,-12.72,62.49
-19.64,-12.85,62.41
-18.77,-13.21,62.56
-17.12,-14.14,63.37
-15.87,-14.87,64.48
-15.52,-15.29,65.59
-15.80,-16.15,65.68
-15.34,-16.86,65.75
-14.50,-16.73,65.26
-14.59,-16.24,64.38
-15.72,-15.54,63.78
-16.15,-14.76,63.38
-15.91,-13.95,63.22
-15.55,-12.75,61.26
-15.33,-12.08,61.46
-14.65,-12.73,63.01
-14.24,-13.05,64.18
-14.47,-13.06,64.24
-14.54,-13.39,63.09
-14.98,-13.93,62.82
-16.92,-14.50,64.55
-18.16,-14.99,66.13
-18.22,-15.85,67.68
-18.09,-16.45,67.66
-17.71,-16.78,66.73
-17.76,-16.80,66.34
-17.92,-16.83,67.28
-16.97,-17.10,67.86
-15.66,-17.35,67.47
-14.71,-17.39,66.74
-13.34,-17.40,65.93
-12.02,-17.43,65.80
-11.06,-17.32,65.93
-10.63,-17.08,66.37
-9.96,-16.91,66.15
-9.12,-16.95,66.63
-8.63,-17.00,67.28
-8.21,-17.02,67.45
-8.09,-16.95,67.50
-8.74,-16.98,68.73
-9.87,-16.99,70.37
-10.79,-16.96,71.30
-12.79,-16.76,72.85
-15.23,-16.48,75.36
-17.66,-16.45,78.33
-19.13,-16.37,79.83
-19.61,-16.20,79.35
-19.44,-16.06,76.25
-19.06,-15.78,72.38
-18.95,-15.11,69.37
-18.87,-14.47,67.28
-18.37,-14.14,65.96
-17.86,-13.85,65.28
-17.57,-13.51,65.50
-17.08,-13.20,65.52
-16.63,-13.12,65.52
-15.99,-13.38,65.09
-14.78,-13.52,63.70
-13.26,-13.02,61.93
-12.04,-12.65,60.60
-10.79,-12.21,59.57
-9.91,-11.67,58.70
-9.36,-10.92,57.82
-9.50,-10.23,57.66
-9.46,-9.78,57.51
-9.24,-9.26,56.96
-9.54,-8.71,56.79
-11.13,-7.85,58.96
-13.26,-6.77,62.11
-15.30,-5.93,64.85
-16.64,-6.24,67.27
-16.93,-6.39,67.94
-15.82,-7.00,66.57
-14.24,-7.84,64.49
-12.71,-8.41,62.66
-11.15,-8.86,60.92
-9.95,-9.08,59.69
-8.70,-9.01,58.19
-7.75,-8.72,57.16
-6.91,-8.57,57.38
-6.27,-8.44,58.46
-5.64,-8.27,59.06
-5.00,-8.01,59.02
-4.43,-7.77,58.53
-3.88,-7.51,58.02
-3.32,-7.37,57.69
-2.91,-7.21,57.45
-2.79,-7.16,57.53
-2.70,-7.17,57.53
-2.61,-7.26,57.61
-2.08,-7.27,57.19
-1.22,-7.21,56.27
-0.27,-7.13,55.43
0.46,-7.14,54.76
1.36,-7.14,54.03
2.33,-7.11,53.52
3.21,-7.00,53.09
3.96,-6.86,52.68
4.75,-6.78,52.47
5.68,-6.67,52.38
6.59,-6.54,52.09
7.26,-6.51,52.14
7.84,-6.48,52.20
8.39,-6.32,52.09
8.97,-6.13,51.88
9.62,-5.90,51.74
10.14,-5.74,51.76
10.66,-5.58,51.81
11.44,-5.33,51.80
12.57,-5.04,51.53
13.61,-4.81,51.45
14.37,-4.61,51.49
15.29,-4.35,51.19
16.53,-3.84,50.95
17.72,-3.44,50.80
18.65,-3.18,50.73
19.10,-3.06,50.68
19.46,-3.07,50.83
20.02,-3.06,51.11
20.63,-2.95,51.33
21.31,-2.83,51.33
21.79,-2.83,51.37
22.23,-2.88,51.37
22.72,-2.92,51.50
23.21,-2.93,51.70
23.92,-3.12,52.16
24.55,-3.36,52.55
24.74,-3.60,52.86
24.94,-3.56,52.84
25.23,-3.49,52.99
25.87,-3.41,53.30
26.52,-3.41,53.70
26.97,-3.47,54.02
27.40,-3.35,54.04
28.03,-3.10,53.96
28.62,-2.92,54.01
29.07,-3.02,54.29
29.33,-3.18,54.59
29.53,-3.14,54.70
30.08,-3.02,54.81
30.53,-2.82,54.88
30.78,-2.79,55.01
30.95,-2.69,55.06
31.37,-2.52,55.21
31.66,-2.22,55.17
31.87,-1.85,55.00
31.90,-1.71,54.92
31.86,-1.63,54.87
31.77,-1.58,54.87
31.61,-1.63,54.97
31.61,-1.71,55.09
31.54,-1.78,55.16
31.37,-1.82,55.20
31.24,-1.79,55.16
31.17,-1.72,55.02
31.17,-1.63,54.92
31.11,-1.63,54.92
31.10,-1.62,54.95
31.15,-1.63,55.04
31.26,-1.63,55.09
31.24,-1.57,55.10
31.18,-1.45,55.08
31.17,-1.32,55.03
31.23,-1.16,54.95
31.25,-1.01,54.90
31.29,-0.77,54.73
31.42,-0.44,54.44
31.49,-0.18,54.25
31.53,0.09,54.02
31.59,0.22,53.96
31.63,0.35,53.87
31.62,0.43,53.79
31.61,0.47,53.74
31.58,0.53,53.64
31.62,0.66,53.69
31.70,0.78,53.73
31.83,0.91,53.76
31.99,1.04,53.75
32.10,1.33,53.69
32.31,1.80,53.55
32.45,2.17,53.54
32.45,2.67,53.33
32.48,3.16,53.09
32.60,3.74,52.98
32.85,4.15,52.84
33.22,4.86,52.67
33.36,5.63,52.60
33.17,6.28,52.59
32.90,6.77,52.65
32.72,7.23,52.62
32.52,7.79,52.50
32.49,8.36,52.18
32.56,8.88,51.83
32.57,9.40,51.49
32.40,9.61,51.53
32.21,9.69,51.66
31.89,9.91,51.57
31.73,10.28,51.31
31.78,10.56,51.15
31.85,10.77,51.04
31.92,10.96,50.98
32.04,11.13,51.02
31.89,11.36,50.96
31.67,11.61,50.87
32.04,12.01,51.00
32.37,12.48,51.15
32.54,12.78,51.24
32.81,13.04,51.29
33.14,13.41,51.30
33.34,14.22,51.49
33.47,14.88,51.37
33.61,15.78,51.06
33.69,17.11,50.42
33.83,18.11,50.11
33.83,18.88,49.85
33.05,19.75,49.22
32.28,20.52,48.54
31.95,21.21,47.96
31.81,21.77,47.49
31.49,22.38,46.99
30.71,22.93,46.48
29.95,23.35,46.06
29.50,23.66,45.71
29.22,23.95,45.32
28.95,24.37,44.75
28.55,24.81,44.19
28.24,25.16,43.84
28.17,25.66,43.38
28.20,26.13,43.02
28.17,26.78,42.37
27.89,27.40,41.65
27.59,27.95,40.95
27.26,28.36,40.45
26.87,28.76,39.95
26.59,29.21,39.48
26.34,29.68,39.06
26.23,30.22,38.74
26.43,30.78,38.59
26.72,31.31,38.52
26.84,31.97,38.10
26.81,32.58,37.62
26.88,33.22,37.15
27.20,33.99,36.62
27.51,34.71,36.22
27.75,35.19,35.88
27.89,35.34,35.80
28.07,35.53,35.74
28.37,35.79,35.74
28.33,36.11,35.47
28.24,36.12,35.41
28.17,36.01,35.51
28.25,35.94,35.68
28.21,36.11,35.53
28.14,36.34,35.28
28.23,36.41,35.30
28.25,36.44,35.18
28.10,36.48,34.85
27.86,36.42,34.62
27.63,36.32,34.44
27.42,36.23,34.32
27.18,36.14,34.11
26.57,35.90,33.82
26.10,35.50,33.75
25.41,34.72,34.00
24.80,33.59,34.63
24.08,31.41,36.15
22.83,28.72,38.29
21.38,26.92,39.52
20.13,25.14,40.51
19.13,23.32,41.11
18.39,21.78,40.92
17.45,20.24,40.56
16.36,18.46,40.50
15.47,16.48,40.94
14.67,14.62,41.36
13.85,12.82,41.92
13.20,11.25,42.11
12.50,9.27,42.40
11.94,7.49,42.59
11.16,6.14,42.53
10.22,4.79,42.85
9.55,3.52,43.23
8.85,2.54,43.62
8.35,1.52,44.06
7.92,0.53,44.42
7.51,-0.40,44.95
7.07,-1.16,45.43
6.82,-1.74,45.65
6.54,-2.21,45.79
6.14,-2.57,46.19
5.96,-2.91,46.45
6.19,-3.20,46.41
6.41,-3.50,46.32
6.46,-3.81,46.52
6.60,-3.97,46.73
6.68,-4.29,47.87
6.59,-4.90,48.60
6.08,-5.61,49.00
4.94,-6.21,49.65
3.59,-6.67,50.13
2.41,-6.73,50.50
1.18,-6.10,50.60
0.15,-6.05,50.64
-0.71,-6.25,50.82
-1.26,-6.19,50.94
-1.70,-6.19,51.14
-2.06,-6.28,51.38
-2.09,-6.26,51.56
-2.19,-6.28,51.73
-2.42,-6.39,51.91
-2.54,-6.50,52.06
-2.68,-6.60,52.19
-2.89,-6.72,52.33
-3.00,-6.81,52.48
-3.10,-6.87,52.63
-3.22,-6.93,52.79
-3.29,-6.97,52.92
-3.37,-7.01,53.07
-3.49,-7.09,53.22
-3.59,-7.15,53.34
-3.68,-7.21,53.44
-3.79,-7.27,53.56
-3.87,-7.33,53.69
-3.95,-7.36,53.82
-4.03,-7.39,53.94
-4.11,-7.44,54.06
-4.19,-7.49,54.17
-4.26,-7.54,54.27
-4.34,-7.58,54.36
-4.41,-7.61,54.47
-4.47,-7.65,54.57
-4.54,-7.68,54.68
-4.61,-7.72,54.78
-4.67,-7.75,54.87
-4.73,-7.78,54.96
-4.79,-7.81,55.05
-4.85,-7.84,55.14
-4.89,-7.86,55.23
-4.94,-7.88,55.32
-5.00,-7.90,55.41
-5.06,-7.94,55.49
-5.11,-7.98,55.57
-5.18,-8.01,55.65
-5.24,-8.05,55.74
-5.28,-8.08,55.81
-5.34,-8.10,55.90
-5.38,-8.11,55.98
-5.43,-8.13,56.05
-5.48,-8.17,56.12
-5.52,-8.18,56.18
-5.58,-8.23,56.24
-5.63,-8.23,56.29
-5.67,-8.26,56.35
-5.71,-8.30,56.43
-5.76,-8.30,56.49
-5.81,-8.32,56.56
-5.85,-8.34,56.60
-5.89,-8.38,56.66
-5.93,-8.39,56.71
-5.97,-8.41,56.76
-6.01,-8.43,56.81
-6.05,-8.45,56.87
-6.08,-8.47,56.92
-6.11,-8.49,56.97
-6.15,-8.51,57.02
-6.18,-8.52,57.07
-6.21,-8.55,57.13
-6.24,-8.57,57.18
-6.28,-8.59,57.23
-6.31,-8.60,57.27
-6.34,-8.61,57.32
-6.37,-8.63,57.38
-6.40,-8.65,57.44
-6.44,-8.66,57.49
-6.46,-8.68,57.55
-6.50,-8.69,57.60
-6.53,-8.71,57.65
-6.56,-8.72,57.70
-6.58,-8.72,57.76
-6.74,-8.83,57.80
-6.65,-8.79,57.86
-6.73,-8.80,57.88
-6.75,-8.79,57.93
-6.73,-8.86,58.01
-6.77,-8.84,58.06
-6.83,-8.84,58.09
-6.83,-8.90,58.14
-6.86,-8.91,58.18
-6.91,-8.90,58.22
-6.92,-8.88,58.24
-6.95,-8.91,58.29
-7.00,-8.94,58.31
-7.04,-8.99,58.33
-7.05,-8.99,58.33
-7.09,-8.99,58.36
-7.09,-8.97,58.41
-7.08,-8.94,58.46
-7.10,-8.93,58.49
-7.18,-9.00,58.49
-7.20,-9.06,58.49
-7.29,-9.07,58.50
-7.32,-9.08,58.56
-7.28,-9.08,58.62
-7.32,-9.03,58.66
-7.36,-9.03,58.70
-7.36,-9.07,58.71
-7.42,-9.09,58.72
-7.47,-9.11,58.72
-7.49,-9.14,58.75
-7.48,-9.13,58.78
-7.50,-9.09,58.78
-7.46,-9.04,58.81
-7.51,-9.09,58.82
-7.52,-9.06,58.82
-7.58,-9.10,58.86
-7.59,-9.09,58.89
-7.60,-9.07,58.94
-7.60,-9.05,58.96
-7.61,-9.02,59.00
-7.61,-9.04,59.04
-7.66,-9.06,59.06
-7.65,-9.07,59.07
-7.70,-9.09,59.09
-7.74,-9.09,59.13
-7.75,-9.08,59.17
-7.78,-9.13,59.23
-7.79,-9.10,59.23
-7.84,-9.12,59.26
-7.82,-9.14,59.30
-7.85,-9.14,59.35
-7.86,-9.13,59.38
-7.89,-9.14,59.39
-7.93,-9.14,59.41
-7.96,-9.19,59.45
-7.95,-9.18,59.48
-7.99,-9.16,59.52
-8.01,-9.16,59.54
-8.02,-9.15,59.56
-8.08,-9.19,59.60
-8.07,-9.19,59.62
-8.11,-9.18,59.64
-8.11,-9.15,59.68
-8.11,-9.15,59.72
-8.15,-9.15,59.78
-8.27,-9.32,59.77
-8.20,-9.17,59.79
-8.39,-9.24,59.89
-8.34,-9.27,59.94
-8.33,-9.20,59.95
-8.46,-9.12,59.96
-8.46,-9.18,59.98
-8.46,-9.23,60.01
-8.57,-9.18,60.00
-8.54,-9.19,60.01
-8.54,-9.22,60.03
-8.58,-9.22,60.08
-8.56,-9.18,60.10
-8.59,-9.18,60.13
-8.19,-9.21,60.15
-8.20,-9.18,60.15
-8.27,-9.20,60.16
-8.24,-9.21,60.18
-8.26,-9.20,60.21
-8.30,-9.18,60.24
-8.29,-9.18,60.25
-8.31,-9.19,60.27
-8.35,-9.21,60.27
-8.34,-9.21,60.26
-8.37,-9.20,60.25
-8.35,-9.18,60.27
-8.33,-9.16,60.29
-8.36,-9.14,60.31
-8.37,-9.15,60.31
-8.38,-9.17,60.30
-8.41,-9.19,60.30
-8.41,-9.19,60.31
-8.42,-9.17,60.32
-8.43,-9.16,60.34
-8.42,-9.15,60.35
-8.44,-9.14,60.36
-8.46,-9.16,60.37
-8.47,-9.16,60.38
-8.49,-9.17,60.39
-8.51,-9.17,60.39
-8.54,-9.20,60.40
-8.53,-9.15,60.42
-8.58,-9.17,60.45
-8.55,-9.15,60.47
-8.58,-9.14,60.49
-8.60,-9.14,60.49
-8.61,-9.16,60.50
-8.63,-9.17,60.51
-8.66,-9.17,60.52
-8.66,-9.15,60.53
-8.67,-9.15,60.55
-8.68,-9.15,60.56
-8.69,-9.16,60.56
-8.73,-9.16,60.57
-8.74,-9.16,60.58
-8.74,-9.14,60.60
-8.74,-9.13,60.63
-8.73,-9.12,60.65
-8.75,-9.11,60.66
-8.78,-9.10,60.66
-8.79,-9.13,60.68
-8.81,-9.15,60.71
-8.82,-9.14,60.72
-8.82,-9.12,60.76
-8.82,-9.11,60.79
-8.83,-9.12,60.79
-8.84,-9.13,60.79
-8.87,-9.14,60.79
-8.89,-9.16,60.79
-8.90,-9.16,60.80
-8.91,-9.15,60.80
-8.92,-9.13,60.84
-8.91,-9.12,60.86
-8.93,-9.12,60.87
-8.95,-9.13,60.88
-8.97,-9.13,60.89
-8.98,-9.12,60.92
-9.00,-9.13,60.95
-9.01,-9.12,60.96
-9.03,-9.11,60.98
-9.05,-9.12,61.00
-9.06,-9.13,61.02
-9.07,-9.12,61.04
-9.08,-9.11,61.05
-9.07,-9.11,61.06
-9.08,-9.10,61.06
-9.09,-9.10,61.05
-9.11,-9.10,61.05
-9.12,-9.12,61.05
-9.12,-9.11,61.06
-9.14,-9.10,61.07
